{
    "animation": [
        {
            "name": "Root",
            "time": [0.0, 0.0167, 0.0333, 0.05, 0.0667, 0.0833, 0.1, 0.1167, 0.1333, 0.15, 0.1667, 0.1833, 0.2, 0.2167, 0.2333, 0.25, 0.2667, 0.2833, 0.3, 0.3167, 0.3333, 0.35, 0.3667, 0.3833, 0.4, 0.4167, 0.4333, 0.45, 0.4667, 0.4833, 0.5],
            "transform": [
                [0.636289, 0.0, 0.771451, -5e-06, 0.771451, 0.0, -0.636289, 0.000946, 0.0, 1.0, 0.0, 0.756807, 0.0, 0.0, 0.0, 1.0],
                [0.636289, 0.0, 0.771451, -5e-06, 0.771451, 0.0, -0.636289, -0.006445, 0.0, 1.0, 0.0, 0.755302, 0.0, 0.0, 0.0, 1.0],
                [0.636289, 0.0, 0.771451, -5e-06, 0.771451, 0.0, -0.636289, -0.027265, 0.0, 1.0, 0.0, 0.751063, 0.0, 0.0, 0.0, 1.0],
                [0.636289, 0.0, 0.771451, -5e-06, 0.771451, 0.0, -0.636289, -0.053998, 0.0, 1.0, 0.0, 0.74562, 0.0, 0.0, 0.0, 1.0],
                [0.636289, 0.0, 0.771451, -5e-06, 0.771451, 0.0, -0.636289, -0.074819, 0.0, 1.0, 0.0, 0.741381, 0.0, 0.0, 0.0, 1.0],
                [0.636289, 0.0, 0.771451, -5e-06, 0.771451, 0.0, -0.636289, -0.08221, 0.0, 1.0, 0.0, 0.739876, 0.0, 0.0, 0.0, 1.0],
                [0.636289, 0.0, 0.771451, -5e-06, 0.771451, 0.0, -0.636289, -0.081917, 0.0, 1.0, 0.0, 0.739936, 0.0, 0.0, 0.0, 1.0],
                [0.636289, 0.0, 0.771451, -5e-06, 0.771451, 0.0, -0.636289, -0.081033, 0.0, 1.0, 0.0, 0.740116, 0.0, 0.0, 0.0, 1.0],
                [0.636289, 0.0, 0.771451, -5e-06, 0.771451, 0.0, -0.636289, -0.079552, 0.0, 1.0, 0.0, 0.740417, 0.0, 0.0, 0.0, 1.0],
                [0.636289, 0.0, 0.771451, -5e-06, 0.771451, 0.0, -0.636289, -0.077476, 0.0, 1.0, 0.0, 0.74084, 0.0, 0.0, 0.0, 1.0],
                [0.636289, 0.0, 0.771451, -5e-06, 0.771451, 0.0, -0.636289, -0.074819, 0.0, 1.0, 0.0, 0.741381, 0.0, 0.0, 0.0, 1.0],
                [0.636289, 0.0, 0.771451, -5e-06, 0.771451, 0.0, -0.636289, -0.0716, 0.0, 1.0, 0.0, 0.742036, 0.0, 0.0, 0.0, 1.0],
                [0.636289, 0.0, 0.771451, -5e-06, 0.771451, 0.0, -0.636289, -0.067854, 0.0, 1.0, 0.0, 0.742799, 0.0, 0.0, 0.0, 1.0],
                [0.636289, 0.0, 0.771451, -5e-06, 0.771451, 0.0, -0.636289, -0.063628, 0.0, 1.0, 0.0, 0.743659, 0.0, 0.0, 0.0, 1.0],
                [0.636289, 0.0, 0.771451, -5e-06, 0.771451, 0.0, -0.636289, -0.058985, 0.0, 1.0, 0.0, 0.744605, 0.0, 0.0, 0.0, 1.0],
                [0.636289, 0.0, 0.771451, -5e-06, 0.771451, 0.0, -0.636289, -0.053998, 0.0, 1.0, 0.0, 0.74562, 0.0, 0.0, 0.0, 1.0],
                [0.636289, 0.0, 0.771451, -5e-06, 0.771451, 0.0, -0.636289, -0.048757, 0.0, 1.0, 0.0, 0.746687, 0.0, 0.0, 0.0, 1.0],
                [0.636289, 0.0, 0.771451, -5e-06, 0.771451, 0.0, -0.636289, -0.043358, 0.0, 1.0, 0.0, 0.747787, 0.0, 0.0, 0.0, 1.0],
                [0.636289, 0.0, 0.771451, -5e-06, 0.771451, 0.0, -0.636289, -0.037906, 0.0, 1.0, 0.0, 0.748897, 0.0, 0.0, 0.0, 1.0],
                [0.636289, 0.0, 0.771451, -5e-06, 0.771451, 0.0, -0.636289, -0.032507, 0.0, 1.0, 0.0, 0.749996, 0.0, 0.0, 0.0, 1.0],
                [0.636289, 0.0, 0.771451, -5e-06, 0.771451, 0.0, -0.636289, -0.027265, 0.0, 1.0, 0.0, 0.751063, 0.0, 0.0, 0.0, 1.0],
                [0.636289, 0.0, 0.771451, -5e-06, 0.771451, 0.0, -0.636289, -0.022279, 0.0, 1.0, 0.0, 0.752078, 0.0, 0.0, 0.0, 1.0],
                [0.636289, 0.0, 0.771451, -5e-06, 0.771451, 0.0, -0.636289, -0.017635, 0.0, 1.0, 0.0, 0.753024, 0.0, 0.0, 0.0, 1.0],
                [0.636289, 0.0, 0.771451, -5e-06, 0.771451, 0.0, -0.636289, -0.01341, 0.0, 1.0, 0.0, 0.753884, 0.0, 0.0, 0.0, 1.0],
                [0.636289, 0.0, 0.771451, -5e-06, 0.771451, 0.0, -0.636289, -0.009664, 0.0, 1.0, 0.0, 0.754647, 0.0, 0.0, 0.0, 1.0],
                [0.636289, 0.0, 0.771451, -5e-06, 0.771451, 0.0, -0.636289, -0.006445, 0.0, 1.0, 0.0, 0.755302, 0.0, 0.0, 0.0, 1.0],
                [0.636289, 0.0, 0.771451, -5e-06, 0.771451, 0.0, -0.636289, -0.003787, 0.0, 1.0, 0.0, 0.755844, 0.0, 0.0, 0.0, 1.0],
                [0.636289, 0.0, 0.771451, -5e-06, 0.771451, 0.0, -0.636289, -0.001712, 0.0, 1.0, 0.0, 0.756266, 0.0, 0.0, 0.0, 1.0],
                [0.636289, 0.0, 0.771451, -5e-06, 0.771451, 0.0, -0.636289, -0.000231, 0.0, 1.0, 0.0, 0.756568, 0.0, 0.0, 0.0, 1.0],
                [0.636289, 0.0, 0.771451, -5e-06, 0.771451, 0.0, -0.636289, 0.000654, 0.0, 1.0, 0.0, 0.756748, 0.0, 0.0, 0.0, 1.0],
                [0.636289, 0.0, 0.771451, -5e-06, 0.771451, 0.0, -0.636289, 0.000946, 0.0, 1.0, 0.0, 0.756807, 0.0, 0.0, 0.0, 1.0]
            ]
        },
        {
            "name": "Thigh_R",
            "time": [0.0, 0.0167, 0.0333, 0.05, 0.0667, 0.0833, 0.1, 0.1167, 0.1333, 0.15, 0.1667, 0.1833, 0.2, 0.2167, 0.2333, 0.25, 0.2667, 0.2833, 0.3, 0.3167, 0.3333, 0.35, 0.3667, 0.3833, 0.4, 0.4167, 0.4333, 0.45, 0.4667, 0.4833, 0.5],
            "transform": [
                [0.865318, 0.073924, 0.495742, 0.124994, -0.025013, -0.981463, 0.190014, -0.002831, 0.500599, -0.176822, -0.847429, -1.2e-05, 0.0, 0.0, 0.0, 1.0],
                [0.864322, 0.087703, 0.495233, 0.124994, -0.021385, -0.977379, 0.210411, -0.002831, 0.502484, -0.192454, -0.842895, -1.2e-05, 0.0, 0.0, 0.0, 1.0],
                [0.861477, 0.121781, 0.492976, 0.124994, -0.011619, -0.965835, 0.258896, -0.002831, 0.507662, -0.228761, -0.830631, -1.2e-05, 0.0, 0.0, 0.0, 1.0],
                [0.857769, 0.158889, 0.488862, 0.124994, 0.000208, -0.951136, 0.308772, -0.002831, 0.514035, -0.264753, -0.815889, -1.2e-05, 0.0, 0.0, 0.0, 1.0],
                [0.854859, 0.183923, 0.485168, 0.124994, 0.008967, -0.940162, 0.340608, -0.002831, 0.518782, -0.286822, -0.805356, -1.2e-05, 0.0, 0.0, 0.0, 1.0],
                [0.853825, 0.1921, 0.483819, 0.124994, 0.01199, -0.93643, 0.350649, -0.002831, 0.520422, -0.293592, -0.801851, -1.2e-05, 0.0, 0.0, 0.0, 1.0],
                [0.853866, 0.191782, 0.483873, 0.124994, 0.011871, -0.936576, 0.350263, -0.002831, 0.520357, -0.293333, -0.801988, -1.2e-05, 0.0, 0.0, 0.0, 1.0],
                [0.853989, 0.190821, 0.484034, 0.124994, 0.011511, -0.937018, 0.349092, -0.002831, 0.520162, -0.292549, -0.8024, -1.2e-05, 0.0, 0.0, 0.0, 1.0],
                [0.854197, 0.1892, 0.484304, 0.124994, 0.010908, -0.937761, 0.347111, -0.002831, 0.519835, -0.291218, -0.803096, -1.2e-05, 0.0, 0.0, 0.0, 1.0],
                [0.854487, 0.186905, 0.484683, 0.124994, 0.010059, -0.938809, 0.344292, -0.002831, 0.519375, -0.289318, -0.80408, -1.2e-05, 0.0, 0.0, 0.0, 1.0],
                [0.854859, 0.183923, 0.485168, 0.124994, 0.008967, -0.940162, 0.340608, -0.002831, 0.518782, -0.286822, -0.805356, -1.2e-05, 0.0, 0.0, 0.0, 1.0],
                [0.855309, 0.180249, 0.485753, 0.124994, 0.007636, -0.941818, 0.336036, -0.002831, 0.518061, -0.283705, -0.806923, -1.2e-05, 0.0, 0.0, 0.0, 1.0],
                [0.855834, 0.175884, 0.486429, 0.124994, 0.006077, -0.943766, 0.330556, -0.002831, 0.517215, -0.279945, -0.808776, -1.2e-05, 0.0, 0.0, 0.0, 1.0],
                [0.856424, 0.170846, 0.487185, 0.124994, 0.004305, -0.945988, 0.324171, -0.002831, 0.516254, -0.275531, -0.810904, -1.2e-05, 0.0, 0.0, 0.0, 1.0],
                [0.857073, 0.165164, 0.488002, 0.124994, 0.002339, -0.948457, 0.316895, -0.002831, 0.515189, -0.270461, -0.813284, -1.2e-05, 0.0, 0.0, 0.0, 1.0],
                [0.857769, 0.158889, 0.488862, 0.124994, 0.000208, -0.951136, 0.308772, -0.002831, 0.514035, -0.264753, -0.815889, -1.2e-05, 0.0, 0.0, 0.0, 1.0],
                [0.858499, 0.152094, 0.489741, 0.124994, -0.002056, -0.953977, 0.299871, -0.002831, 0.51281, -0.258446, -0.818677, -1.2e-05, 0.0, 0.0, 0.0, 1.0],
                [0.85925, 0.144871, 0.490613, 0.124994, -0.004415, -0.956926, 0.290297, -0.002831, 0.511536, -0.251604, -0.8216, -1.2e-05, 0.0, 0.0, 0.0, 1.0],
                [0.860007, 0.13728, 0.491468, 0.124994, -0.006828, -0.95995, 0.280088, -0.002831, 0.510235, -0.244233, -0.824627, -1.2e-05, 0.0, 0.0, 0.0, 1.0],
                [0.860754, 0.12955, 0.492258, 0.124994, -0.009244, -0.962932, 0.269584, -0.002831, 0.508936, -0.236596, -0.827651, -1.2e-05, 0.0, 0.0, 0.0, 1.0],
                [0.861478, 0.121781, 0.492976, 0.124994, -0.011619, -0.965835, 0.258896, -0.002831, 0.507662, -0.228761, -0.830631, -1.2e-05, 0.0, 0.0, 0.0, 1.0],
                [0.862163, 0.114128, 0.493609, 0.124994, -0.013907, -0.968598, 0.248241, -0.002831, 0.506439, -0.220889, -0.833503, -1.2e-05, 0.0, 0.0, 0.0, 1.0],
                [0.862799, 0.106705, 0.494157, 0.124994, -0.016067, -0.97119, 0.237764, -0.002831, 0.50529, -0.213082, -0.836228, -1.2e-05, 0.0, 0.0, 0.0, 1.0],
                [0.863376, 0.099742, 0.494604, 0.124994, -0.018054, -0.973531, 0.227838, -0.002831, 0.504237, -0.20564, -0.838724, -1.2e-05, 0.0, 0.0, 0.0, 1.0],
                [0.863886, 0.093361, 0.49496, 0.124994, -0.019837, -0.975603, 0.218644, -0.002831, 0.503297, -0.198702, -0.840958, -1.2e-05, 0.0, 0.0, 0.0, 1.0],
                [0.864322, 0.087703, 0.495233, 0.124994, -0.021385, -0.977379, 0.210411, -0.002831, 0.502484, -0.192454, -0.842895, -1.2e-05, 0.0, 0.0, 0.0, 1.0],
                [0.864681, 0.082854, 0.495441, 0.124994, -0.02268, -0.978858, 0.20328, -0.002831, 0.501809, -0.187009, -0.844521, -1.2e-05, 0.0, 0.0, 0.0, 1.0],
                [0.864961, 0.078999, 0.495582, 0.124994, -0.023697, -0.980001, 0.197577, -0.002831, 0.501279, -0.18264, -0.845791, -1.2e-05, 0.0, 0.0, 0.0, 1.0],
                [0.86516, 0.076191, 0.495675, 0.124994, -0.024428, -0.980815, 0.193401, -0.002831, 0.500901, -0.179431, -0.846702, -1.2e-05, 0.0, 0.0, 0.0, 1.0],
                [0.865278, 0.074491, 0.495726, 0.124994, -0.024867, -0.981302, 0.190862, -0.002831, 0.500674, -0.177476, -0.847247, -1.2e-05, 0.0, 0.0, 0.0, 1.0],
                [0.865318, 0.073924, 0.495742, 0.124994, -0.025013, -0.981463, 0.190014, -0.002831, 0.500599, -0.176822, -0.847429, -1.2e-05, 0.0, 0.0, 0.0, 1.0]
            ]
        },
        {
            "name": "Leg_R",
            "time": [0.0, 0.0167, 0.0333, 0.05, 0.0667, 0.0833, 0.1, 0.1167, 0.1333, 0.15, 0.1667, 0.1833, 0.2, 0.2167, 0.2333, 0.25, 0.2667, 0.2833, 0.3, 0.3167, 0.3333, 0.35, 0.3667, 0.3833, 0.4, 0.4167, 0.4333, 0.45, 0.4667, 0.4833, 0.5],
            "transform": [
                [0.999973, -0.007316, -0.000854, -0.0, 0.007339, 0.979757, 0.200056, 0.374721, -0.000626, -0.200057, 0.979784, 0.0, 0.0, 0.0, 0.0, 1.0],
                [0.999967, -0.008131, -0.00103, 0.0, 0.008157, 0.974932, 0.222354, 0.374721, -0.000803, -0.222354, 0.974966, 0.0, 0.0, 0.0, 0.0, 1.0],
                [0.999951, -0.009776, -0.001446, 0.0, 0.009806, 0.963558, 0.267321, 0.374721, -0.00122, -0.267322, 0.963607, 0.0, 0.0, 0.0, 0.0, 1.0],
                [0.999938, -0.010999, -0.001808, 0.0, 0.011033, 0.953633, 0.300769, 0.374721, -0.001583, -0.30077, 0.953695, 0.0, 0.0, 0.0, 0.0, 1.0],
                [0.999933, -0.011456, -0.001956, -0.0, 0.011492, 0.949595, 0.313269, 0.374721, -0.001731, -0.31327, 0.949662, -0.0, 0.0, 0.0, 0.0, 1.0],
                [0.999932, -0.011529, -0.00198, -0.0, 0.011566, 0.948929, 0.31528, 0.374721, -0.001756, -0.315281, 0.948997, -0.0, 0.0, 0.0, 0.0, 1.0],
                [0.999932, -0.011527, -0.001979, -0.0, 0.011564, 0.948948, 0.315222, 0.374721, -0.001755, -0.315223, 0.949016, -0.0, 0.0, 0.0, 0.0, 1.0],
                [0.999932, -0.011521, -0.001977, 0.0, 0.011557, 0.949008, 0.31504, 0.374721, -0.001753, -0.315041, 0.949076, -0.0, 0.0, 0.0, 0.0, 1.0],
                [0.999932, -0.011508, -0.001973, -0.0, 0.011544, 0.949122, 0.314698, 0.374721, -0.001749, -0.314699, 0.94919, -0.0, 0.0, 0.0, 0.0, 1.0],
                [0.999932, -0.011488, -0.001966, 0.0, 0.011524, 0.949309, 0.314134, 0.374721, -0.001742, -0.314135, 0.949377, 0.0, 0.0, 0.0, 0.0, 1.0],
                [0.999933, -0.011456, -0.001956, -0.0, 0.011492, 0.949595, 0.313269, 0.374721, -0.001731, -0.31327, 0.949662, 0.0, 0.0, 0.0, 0.0, 1.0],
                [0.999933, -0.01141, -0.001941, 0.0, 0.011446, 0.95001, 0.312009, 0.374721, -0.001716, -0.31201, 0.950077, 0.0, 0.0, 0.0, 0.0, 1.0],
                [0.999934, -0.011345, -0.001919, 0.0, 0.011381, 0.950591, 0.310239, 0.374721, -0.001695, -0.31024, 0.950657, -0.0, 0.0, 0.0, 0.0, 1.0],
                [0.999935, -0.011258, -0.001891, -0.0, 0.011293, 0.951369, 0.307848, 0.374721, -0.001666, -0.307849, 0.951434, 0.0, 0.0, 0.0, 0.0, 1.0],
                [0.999937, -0.011143, -0.001854, 0.0, 0.011178, 0.952376, 0.304722, 0.374721, -0.00163, -0.304723, 0.952439, 0.0, 0.0, 0.0, 0.0, 1.0],
                [0.999938, -0.010999, -0.001808, 0.0, 0.011033, 0.953633, 0.300769, 0.374721, -0.001583, -0.30077, 0.953695, 0.0, 0.0, 0.0, 0.0, 1.0],
                [0.99994, -0.010821, -0.001753, -0.0, 0.010855, 0.955152, 0.295917, 0.374721, -0.001528, -0.295918, 0.955212, -0.0, 0.0, 0.0, 0.0, 1.0],
                [0.999942, -0.01061, -0.001688, 0.0, 0.010643, 0.956928, 0.290133, 0.374721, -0.001463, -0.290134, 0.956985, 0.0, 0.0, 0.0, 0.0, 1.0],
                [0.999945, -0.010358, -0.001613, 0.0, 0.01039, 0.958994, 0.283238, 0.374721, -0.001387, -0.283239, 0.959048, -0.0, 0.0, 0.0, 0.0, 1.0],
                [0.999948, -0.01008, -0.001532, 0.0, 0.010112, 0.961206, 0.275647, 0.374721, -0.001306, -0.275648, 0.961258, -0.0, 0.0, 0.0, 0.0, 1.0],
                [0.999951, -0.009776, -0.001446, 0.0, 0.009806, 0.963558, 0.267321, 0.374721, -0.00122, -0.267322, 0.963606, 0.0, 0.0, 0.0, 0.0, 1.0],
                [0.999955, -0.009451, -0.001357, 0.0, 0.009481, 0.96598, 0.258443, 0.374721, -0.001131, -0.258444, 0.966026, -0.0, 0.0, 0.0, 0.0, 1.0],
                [0.999958, -0.009109, -0.001268, -0.0, 0.009137, 0.96844, 0.249082, 0.374721, -0.001041, -0.249083, 0.968481, -0.0, 0.0, 0.0, 0.0, 1.0],
                [0.999961, -0.008769, -0.001182, 0.0, 0.008796, 0.970785, 0.239789, 0.374721, -0.000955, -0.23979, 0.970824, -0.0, 0.0, 0.0, 0.0, 1.0],
                [0.999964, -0.008439, -0.001102, -0.0, 0.008465, 0.972972, 0.230768, 0.374721, -0.000875, -0.230769, 0.973008, -0.0, 0.0, 0.0, 0.0, 1.0],
                [0.999967, -0.008131, -0.00103, 0.0, 0.008157, 0.974932, 0.222354, 0.374721, -0.000803, -0.222354, 0.974966, 0.0, 0.0, 0.0, 0.0, 1.0],
                [0.999969, -0.007853, -0.000968, 0.0, 0.007878, 0.976639, 0.214743, 0.374721, -0.000741, -0.214744, 0.97667, -0.0, 0.0, 0.0, 0.0, 1.0],
                [0.999971, -0.007626, -0.000919, 0.0, 0.00765, 0.977986, 0.20853, 0.374721, -0.000691, -0.208531, 0.978015, 0.0, 0.0, 0.0, 0.0, 1.0],
                [0.999972, -0.007456, -0.000883, -0.0, 0.007479, 0.978967, 0.203883, 0.374721, -0.000655, -0.203884, 0.978995, -0.0, 0.0, 0.0, 0.0, 1.0],
                [0.999973, -0.007351, -0.000862, -0.0, 0.007374, 0.97956, 0.201019, 0.374721, -0.000634, -0.201019, 0.979587, -0.0, 0.0, 0.0, 0.0, 1.0],
                [0.999973, -0.007316, -0.000854, -0.0, 0.007339, 0.979757, 0.200056, 0.374721, -0.000626, -0.200057, 0.979784, 0.0, 0.0, 0.0, 0.0, 1.0]
            ]
        },
        {
            "name": "Knee_R",
            "time": [0.0, 0.0167, 0.0333, 0.05, 0.0667, 0.0833, 0.1, 0.1167, 0.1333, 0.15, 0.1667, 0.1833, 0.2, 0.2167, 0.2333, 0.25, 0.2667, 0.2833, 0.3, 0.3167, 0.3333, 0.35, 0.3667, 0.3833, 0.4, 0.4167, 0.4333, 0.45, 0.4667, 0.4833, 0.5],
            "transform": [
                [1.0, -5.7e-05, 5.7e-05, 0.0, 5.7e-05, 0.001565, -0.999999, 0.374721, 5.7e-05, 0.999999, 0.001565, 0.0, 0.0, 0.0, 0.0, 1.0],
                [1.0, -5.7e-05, 5.7e-05, 0.0, 5.7e-05, 0.001565, -0.999999, 0.374721, 5.7e-05, 0.999999, 0.001565, 0.0, 0.0, 0.0, 0.0, 1.0],
                [1.0, -5.7e-05, 5.7e-05, 0.0, 5.7e-05, 0.001565, -0.999999, 0.374721, 5.7e-05, 0.999999, 0.001565, 0.0, 0.0, 0.0, 0.0, 1.0],
                [1.0, -5.7e-05, 5.7e-05, 0.0, 5.7e-05, 0.001565, -0.999999, 0.374721, 5.7e-05, 0.999999, 0.001565, 0.0, 0.0, 0.0, 0.0, 1.0],
                [1.0, -5.7e-05, 5.7e-05, -0.0, 5.7e-05, 0.001565, -0.999999, 0.374721, 5.7e-05, 0.999999, 0.001565, -0.0, 0.0, 0.0, 0.0, 1.0],
                [1.0, -5.7e-05, 5.7e-05, -0.0, 5.7e-05, 0.001565, -0.999999, 0.374721, 5.7e-05, 0.999999, 0.001565, -0.0, 0.0, 0.0, 0.0, 1.0],
                [1.0, -5.7e-05, 5.7e-05, -0.0, 5.7e-05, 0.001565, -0.999999, 0.374721, 5.7e-05, 0.999999, 0.001565, -0.0, 0.0, 0.0, 0.0, 1.0],
                [1.0, -5.7e-05, 5.7e-05, 0.0, 5.7e-05, 0.001565, -0.999999, 0.374721, 5.7e-05, 0.999999, 0.001565, -0.0, 0.0, 0.0, 0.0, 1.0],
                [1.0, -5.7e-05, 5.7e-05, 0.0, 5.7e-05, 0.001565, -0.999999, 0.374721, 5.7e-05, 0.999999, 0.001565, -0.0, 0.0, 0.0, 0.0, 1.0],
                [1.0, -5.7e-05, 5.7e-05, -0.0, 5.7e-05, 0.001565, -0.999999, 0.374721, 5.7e-05, 0.999999, 0.001565, -0.0, 0.0, 0.0, 0.0, 1.0],
                [1.0, -5.7e-05, 5.7e-05, -0.0, 5.7e-05, 0.001565, -0.999999, 0.374721, 5.7e-05, 0.999999, 0.001565, 0.0, 0.0, 0.0, 0.0, 1.0],
                [1.0, -5.7e-05, 5.7e-05, 0.0, 5.7e-05, 0.001565, -0.999999, 0.374721, 5.7e-05, 0.999999, 0.001565, 0.0, 0.0, 0.0, 0.0, 1.0],
                [1.0, -5.7e-05, 5.7e-05, -0.0, 5.7e-05, 0.001565, -0.999999, 0.374721, 5.7e-05, 0.999999, 0.001565, -0.0, 0.0, 0.0, 0.0, 1.0],
                [1.0, -5.7e-05, 5.7e-05, 0.0, 5.7e-05, 0.001565, -0.999999, 0.374721, 5.7e-05, 0.999999, 0.001565, 0.0, 0.0, 0.0, 0.0, 1.0],
                [1.0, -5.7e-05, 5.7e-05, 0.0, 5.7e-05, 0.001565, -0.999999, 0.374721, 5.7e-05, 0.999999, 0.001565, -0.0, 0.0, 0.0, 0.0, 1.0],
                [1.0, -5.7e-05, 5.7e-05, 0.0, 5.7e-05, 0.001565, -0.999999, 0.374721, 5.7e-05, 0.999999, 0.001565, 0.0, 0.0, 0.0, 0.0, 1.0],
                [1.0, -5.7e-05, 5.7e-05, -0.0, 5.7e-05, 0.001565, -0.999999, 0.37472, 5.7e-05, 0.999999, 0.001565, -0.0, 0.0, 0.0, 0.0, 1.0],
                [1.0, -5.7e-05, 5.7e-05, 0.0, 5.7e-05, 0.001565, -0.999999, 0.374721, 5.7e-05, 0.999999, 0.001565, -0.0, 0.0, 0.0, 0.0, 1.0],
                [1.0, -5.7e-05, 5.7e-05, 0.0, 5.7e-05, 0.001565, -0.999999, 0.37472, 5.7e-05, 0.999999, 0.001565, -0.0, 0.0, 0.0, 0.0, 1.0],
                [1.0, -5.7e-05, 5.7e-05, 0.0, 5.7e-05, 0.001565, -0.999999, 0.374721, 5.7e-05, 0.999999, 0.001565, -0.0, 0.0, 0.0, 0.0, 1.0],
                [1.0, -5.7e-05, 5.7e-05, 0.0, 5.7e-05, 0.001565, -0.999999, 0.374721, 5.7e-05, 0.999999, 0.001565, 0.0, 0.0, 0.0, 0.0, 1.0],
                [1.0, -5.7e-05, 5.7e-05, 0.0, 5.7e-05, 0.001565, -0.999999, 0.374721, 5.7e-05, 0.999999, 0.001565, -0.0, 0.0, 0.0, 0.0, 1.0],
                [1.0, -5.7e-05, 5.7e-05, 0.0, 5.7e-05, 0.001565, -0.999999, 0.374721, 5.7e-05, 0.999999, 0.001565, -0.0, 0.0, 0.0, 0.0, 1.0],
                [1.0, -5.7e-05, 5.7e-05, 0.0, 5.7e-05, 0.001565, -0.999999, 0.374721, 5.7e-05, 0.999999, 0.001565, -0.0, 0.0, 0.0, 0.0, 1.0],
                [1.0, -5.7e-05, 5.7e-05, 0.0, 5.7e-05, 0.001565, -0.999999, 0.37472, 5.7e-05, 0.999999, 0.001565, -0.0, 0.0, 0.0, 0.0, 1.0],
                [1.0, -5.7e-05, 5.7e-05, 0.0, 5.7e-05, 0.001565, -0.999999, 0.374721, 5.7e-05, 0.999999, 0.001565, 0.0, 0.0, 0.0, 0.0, 1.0],
                [1.0, -5.7e-05, 5.7e-05, 0.0, 5.7e-05, 0.001565, -0.999999, 0.374721, 5.7e-05, 0.999999, 0.001565, 0.0, 0.0, 0.0, 0.0, 1.0],
                [1.0, -5.7e-05, 5.7e-05, -0.0, 5.7e-05, 0.001565, -0.999999, 0.374721, 5.7e-05, 0.999999, 0.001565, 0.0, 0.0, 0.0, 0.0, 1.0],
                [1.0, -5.7e-05, 5.7e-05, -0.0, 5.7e-05, 0.001565, -0.999999, 0.374721, 5.7e-05, 0.999999, 0.001565, -0.0, 0.0, 0.0, 0.0, 1.0],
                [1.0, -5.7e-05, 5.7e-05, 0.0, 5.7e-05, 0.001565, -0.999999, 0.374721, 5.7e-05, 0.999998, 0.001565, -0.0, 0.0, 0.0, 0.0, 1.0],
                [1.0, -5.7e-05, 5.7e-05, 0.0, 5.7e-05, 0.001565, -0.999999, 0.374721, 5.7e-05, 0.999999, 0.001565, 0.0, 0.0, 0.0, 0.0, 1.0]
            ]
        },
        {
            "name": "Thigh_L",
            "time": [0.0, 0.0167, 0.0333, 0.05, 0.0667, 0.0833, 0.1, 0.1167, 0.1333, 0.15, 0.1667, 0.1833, 0.2, 0.2167, 0.2333, 0.25, 0.2667, 0.2833, 0.3, 0.3167, 0.3333, 0.35, 0.3667, 0.3833, 0.4, 0.4167, 0.4333, 0.45, 0.4667, 0.4833, 0.5],
            "transform": [
                [0.992221, -0.05948, 0.109358, -0.125006, -0.065562, -0.996446, 0.052883, -0.002831, 0.105824, -0.059641, -0.992595, -1.2e-05, 0.0, 0.0, 0.0, 1.0],
                [0.990326, -0.065912, 0.122103, -0.125006, -0.072764, -0.995965, 0.052527, -0.002831, 0.118148, -0.060904, -0.991126, -1.2e-05, 0.0, 0.0, 0.0, 1.0],
                [0.984244, -0.084505, 0.155314, -0.125006, -0.09214, -0.994833, 0.042621, -0.002831, 0.150909, -0.05626, -0.986945, -1.2e-05, 0.0, 0.0, 0.0, 1.0],
                [0.975197, -0.110078, 0.192023, -0.125006, -0.115165, -0.993225, 0.015498, -0.002831, 0.189016, -0.037228, -0.981268, -1.2e-05, 0.0, 0.0, 0.0, 1.0],
                [0.967488, -0.131878, 0.215812, -0.125006, -0.131772, -0.991167, -0.014947, -0.002831, 0.215876, -0.013977, -0.976321, -1.2e-05, 0.0, 0.0, 0.0, 1.0],
                [0.964653, -0.140111, 0.22319, -0.125006, -0.137409, -0.990128, -0.02767, -0.002831, 0.224863, -0.003976, -0.974382, -1.2e-05, 0.0, 0.0, 0.0, 1.0],
                [0.964766, -0.139779, 0.222908, -0.125006, -0.137188, -0.990173, -0.027147, -0.002831, 0.224512, -0.00439, -0.974461, -1.2e-05, 0.0, 0.0, 0.0, 1.0],
                [0.965108, -0.13878, 0.222053, -0.125006, -0.13652, -0.990307, -0.025575, -0.002831, 0.22345, -0.005632, -0.974699, -1.2e-05, 0.0, 0.0, 0.0, 1.0],
                [0.965678, -0.137117, 0.220603, -0.125006, -0.135396, -0.990525, -0.022975, -0.002831, 0.221663, -0.007682, -0.975093, -1.2e-05, 0.0, 0.0, 0.0, 1.0],
                [0.966474, -0.134806, 0.218531, -0.125006, -0.133814, -0.990816, -0.019404, -0.002831, 0.21914, -0.010489, -0.975637, -1.2e-05, 0.0, 0.0, 0.0, 1.0],
                [0.967488, -0.131878, 0.215812, -0.125006, -0.131772, -0.991167, -0.014947, -0.002831, 0.215876, -0.013977, -0.976321, -1.2e-05, 0.0, 0.0, 0.0, 1.0],
                [0.968709, -0.128379, 0.21242, -0.125006, -0.129276, -0.991561, -0.009723, -0.002831, 0.211875, -0.018042, -0.97713, -1.2e-05, 0.0, 0.0, 0.0, 1.0],
                [0.970117, -0.12437, 0.208339, -0.125006, -0.126339, -0.991979, -0.003884, -0.002831, 0.207151, -0.022553, -0.978049, -1.2e-05, 0.0, 0.0, 0.0, 1.0],
                [0.971689, -0.119924, 0.203565, -0.125006, -0.122983, -0.992406, 0.002397, -0.002831, 0.201731, -0.027364, -0.979058, -1.2e-05, 0.0, 0.0, 0.0, 1.0],
                [0.973394, -0.115129, 0.198113, -0.125006, -0.119244, -0.992825, 0.008925, -0.002831, 0.195664, -0.032311, -0.980138, -1.2e-05, 0.0, 0.0, 0.0, 1.0],
                [0.975197, -0.110078, 0.192023, -0.125006, -0.115165, -0.993225, 0.015498, -0.002831, 0.189016, -0.037228, -0.981268, -1.2e-05, 0.0, 0.0, 0.0, 1.0],
                [0.977058, -0.104874, 0.185361, -0.125006, -0.110806, -0.9936, 0.021913, -0.002831, 0.181877, -0.041949, -0.982426, -1.2e-05, 0.0, 0.0, 0.0, 1.0],
                [0.978935, -0.099618, 0.178223, -0.125006, -0.106239, -0.993947, 0.027979, -0.002831, 0.174357, -0.046324, -0.983592, -1.2e-05, 0.0, 0.0, 0.0, 1.0],
                [0.980784, -0.09441, 0.170734, -0.125006, -0.101545, -0.994265, 0.033533, -0.002831, 0.166589, -0.050226, -0.984746, -1.2e-05, 0.0, 0.0, 0.0, 1.0],
                [0.982566, -0.089344, 0.163042, -0.125006, -0.096814, -0.99456, 0.038444, -0.002831, 0.15872, -0.053558, -0.98587, -1.2e-05, 0.0, 0.0, 0.0, 1.0],
                [0.984244, -0.084505, 0.155314, -0.125006, -0.09214, -0.994833, 0.042621, -0.002831, 0.150909, -0.05626, -0.986945, -1.2e-05, 0.0, 0.0, 0.0, 1.0],
                [0.98579, -0.079967, 0.147725, -0.125006, -0.087619, -0.99509, 0.046027, -0.002831, 0.143319, -0.058316, -0.987957, -1.2e-05, 0.0, 0.0, 0.0, 1.0],
                [0.987182, -0.075805, 0.140444, -0.125006, -0.083342, -0.995336, 0.048574, -0.002831, 0.136107, -0.059656, -0.988896, -1.2e-05, 0.0, 0.0, 0.0, 1.0],
                [0.988406, -0.072043, 0.133654, -0.125006, -0.079393, -0.995564, 0.050494, -0.002831, 0.129423, -0.06052, -0.989741, -1.2e-05, 0.0, 0.0, 0.0, 1.0],
                [0.989454, -0.068737, 0.127496, -0.125006, -0.075847, -0.995775, 0.051768, -0.002831, 0.123399, -0.060892, -0.990487, -1.2e-05, 0.0, 0.0, 0.0, 1.0],
                [0.990326, -0.065912, 0.122103, -0.125006, -0.072764, -0.995965, 0.052527, -0.002831, 0.118148, -0.060904, -0.991126, -1.2e-05, 0.0, 0.0, 0.0, 1.0],
                [0.991025, -0.06359, 0.117579, -0.125006, -0.070194, -0.996129, 0.052902, -0.002831, 0.113759, -0.060681, -0.991654, -1.2e-05, 0.0, 0.0, 0.0, 1.0],
                [0.991558, -0.061782, 0.114002, -0.125006, -0.068172, -0.996263, 0.053027, -0.002831, 0.110299, -0.060351, -0.992064, -1.2e-05, 0.0, 0.0, 0.0, 1.0],
                [0.99193, -0.060503, 0.11142, -0.125006, -0.066721, -0.996366, 0.052941, -0.002831, 0.107812, -0.059947, -0.992362, -1.2e-05, 0.0, 0.0, 0.0, 1.0],
                [0.992149, -0.059734, 0.109872, -0.125006, -0.06585, -0.996426, 0.052906, -0.002831, 0.106319, -0.059726, -0.992537, -1.2e-05, 0.0, 0.0, 0.0, 1.0],
                [0.992221, -0.05948, 0.109358, -0.125006, -0.065562, -0.996446, 0.052883, -0.002831, 0.105824, -0.059641, -0.992595, -1.2e-05, 0.0, 0.0, 0.0, 1.0]
            ]
        },
        {
            "name": "Leg_L",
            "time": [0.0, 0.0167, 0.0333, 0.05, 0.0667, 0.0833, 0.1, 0.1167, 0.1333, 0.15, 0.1667, 0.1833, 0.2, 0.2167, 0.2333, 0.25, 0.2667, 0.2833, 0.3, 0.3167, 0.3333, 0.35, 0.3667, 0.3833, 0.4, 0.4167, 0.4333, 0.45, 0.4667, 0.4833, 0.5],
            "transform": [
                [1.0, 1.6e-05, 3e-06, 0.0, -1.7e-05, 0.976544, 0.215317, 0.374721, 1e-06, -0.215317, 0.976544, 0.0, 0.0, 0.0, 0.0, 1.0],
                [1.0, 1.8e-05, 3e-06, -0.0, -1.8e-05, 0.972649, 0.232282, 0.374721, 1e-06, -0.232282, 0.972649, -0.0, 0.0, 0.0, 0.0, 1.0],
                [1.0, 2e-05, 4e-06, 0.0, -2e-05, 0.964476, 0.264169, 0.374721, 2e-06, -0.264169, 0.964477, 0.0, 0.0, 0.0, 0.0, 1.0],
                [1.0, 2.1e-05, 4e-06, 0.0, -2.2e-05, 0.96002, 0.279932, 0.374721, 2e-06, -0.279932, 0.96002, -0.0, 0.0, 0.0, 0.0, 1.0],
                [1.0, 2.1e-05, 4e-06, -0.0, -2.1e-05, 0.961216, 0.275796, 0.374721, 2e-06, -0.275796, 0.961217, 0.0, 0.0, 0.0, 0.0, 1.0],
                [1.0, 2.1e-05, 4e-06, -0.0, -2.1e-05, 0.962623, 0.270845, 0.374721, 2e-06, -0.270845, 0.962623, -0.0, 0.0, 0.0, 0.0, 1.0],
                [1.0, 2.1e-05, 4e-06, -0.0, -2.1e-05, 0.962558, 0.271076, 0.374721, 2e-06, -0.271076, 0.962558, 0.0, 0.0, 0.0, 0.0, 1.0],
                [1.0, 2.1e-05, 4e-06, 0.0, -2.1e-05, 0.962365, 0.271761, 0.374721, 2e-06, -0.271761, 0.962365, 0.0, 0.0, 0.0, 0.0, 1.0],
                [1.0, 2.1e-05, 4e-06, -0.0, -2.1e-05, 0.962058, 0.272845, 0.374721, 2e-06, -0.272845, 0.962058, 0.0, 0.0, 0.0, 0.0, 1.0],
                [1.0, 2.1e-05, 4e-06, -0.0, -2.1e-05, 0.961663, 0.274234, 0.374721, 2e-06, -0.274234, 0.961663, -0.0, 0.0, 0.0, 0.0, 1.0],
                [1.0, 2.1e-05, 4e-06, -0.0, -2.1e-05, 0.961216, 0.275796, 0.374721, 2e-06, -0.275796, 0.961217, -0.0, 0.0, 0.0, 0.0, 1.0],
                [1.000001, 2.1e-05, 4e-06, 0.0, -2.1e-05, 0.960764, 0.277368, 0.374721, 2e-06, -0.277368, 0.960764, 0.0, 0.0, 0.0, 0.0, 1.0],
                [1.0, 2.1e-05, 4e-06, 0.0, -2.1e-05, 0.960361, 0.278759, 0.374721, 2e-06, -0.278759, 0.960361, -0.0, 0.0, 0.0, 0.0, 1.0],
                [1.0, 2.1e-05, 4e-06, -0.0, -2.2e-05, 0.960065, 0.279778, 0.374721, 2e-06, -0.279778, 0.960065, 0.0, 0.0, 0.0, 0.0, 1.0],
                [1.0, 2.1e-05, 4e-06, -0.0, -2.2e-05, 0.959934, 0.280226, 0.374721, 2e-06, -0.280226, 0.959934, 0.0, 0.0, 0.0, 0.0, 1.0],
                [1.0, 2.1e-05, 4e-06, 0.0, -2.2e-05, 0.96002, 0.279932, 0.374721, 2e-06, -0.279932, 0.96002, 0.0, 0.0, 0.0, 0.0, 1.0],
                [1.0, 2.1e-05, 4e-06, -0.0, -2.1e-05, 0.960363, 0.278753, 0.374721, 2e-06, -0.278752, 0.960363, 0.0, 0.0, 0.0, 0.0, 1.0],
                [1.000001, 2.1e-05, 4e-06, 0.0, -2.1e-05, 0.960987, 0.276592, 0.374721, 2e-06, -0.276592, 0.960988, 0.0, 0.0, 0.0, 0.0, 1.0],
                [1.0, 2.1e-05, 4e-06, 0.0, -2.1e-05, 0.961896, 0.273414, 0.374721, 2e-06, -0.273414, 0.961897, 0.0, 0.0, 0.0, 0.0, 1.0],
                [1.0, 2e-05, 4e-06, -0.0, -2.1e-05, 0.963072, 0.269243, 0.374721, 2e-06, -0.269243, 0.963073, -0.0, 0.0, 0.0, 0.0, 1.0],
                [1.0, 2e-05, 4e-06, -0.0, -2e-05, 0.964476, 0.264169, 0.374721, 2e-06, -0.264169, 0.964477, 0.0, 0.0, 0.0, 0.0, 1.0],
                [1.0, 2e-05, 3e-06, -0.0, -2e-05, 0.966051, 0.258353, 0.374721, 2e-06, -0.258353, 0.966051, 0.0, 0.0, 0.0, 0.0, 1.0],
                [1.0, 1.9e-05, 3e-06, -0.0, -1.9e-05, 0.967772, 0.251829, 0.374721, 2e-06, -0.251829, 0.967772, -0.0, 0.0, 0.0, 0.0, 1.0],
                [1.0, 1.9e-05, 3e-06, 0.0, -1.9e-05, 0.969471, 0.245208, 0.374721, 2e-06, -0.245208, 0.969471, 0.0, 0.0, 0.0, 0.0, 1.0],
                [1.0, 1.8e-05, 3e-06, -0.0, -1.8e-05, 0.971123, 0.238578, 0.374721, 1e-06, -0.238578, 0.971124, 0.0, 0.0, 0.0, 0.0, 1.0],
                [1.0, 1.8e-05, 3e-06, -0.0, -1.8e-05, 0.972648, 0.232282, 0.374721, 1e-06, -0.232282, 0.972649, 0.0, 0.0, 0.0, 0.0, 1.0],
                [1.0, 1.7e-05, 3e-06, 0.0, -1.7e-05, 0.97398, 0.226633, 0.374721, 1e-06, -0.226633, 0.973981, -0.0, 0.0, 0.0, 0.0, 1.0],
                [1.0, 1.7e-05, 3e-06, -0.0, -1.7e-05, 0.975065, 0.221918, 0.374721, 1e-06, -0.221918, 0.975065, 0.0, 0.0, 0.0, 0.0, 1.0],
                [1.0, 1.7e-05, 3e-06, -0.0, -1.7e-05, 0.975899, 0.218225, 0.374721, 1e-06, -0.218225, 0.975899, 0.0, 0.0, 0.0, 0.0, 1.0],
                [1.0, 1.6e-05, 3e-06, -0.0, -1.7e-05, 0.976381, 0.216057, 0.37472, 1e-06, -0.216057, 0.976381, -0.0, 0.0, 0.0, 0.0, 1.0],
                [1.0, 1.6e-05, 3e-06, 0.0, -1.7e-05, 0.976544, 0.215317, 0.374721, 1e-06, -0.215317, 0.976544, 0.0, 0.0, 0.0, 0.0, 1.0]
            ]
        },
        {
            "name": "Knee_L",
            "time": [0.0, 0.0167, 0.0333, 0.05, 0.0667, 0.0833, 0.1, 0.1167, 0.1333, 0.15, 0.1667, 0.1833, 0.2, 0.2167, 0.2333, 0.25, 0.2667, 0.2833, 0.3, 0.3167, 0.3333, 0.35, 0.3667, 0.3833, 0.4, 0.4167, 0.4333, 0.45, 0.4667, 0.4833, 0.5],
            "transform": [
                [1.0, 0.0, -0.0, -0.0, -0.0, 0.001565, -0.999999, 0.374721, -0.0, 0.999999, 0.001565, 0.0, 0.0, 0.0, 0.0, 1.0],
                [1.0, 0.0, -0.0, 0.0, -0.0, 0.001565, -0.999999, 0.374721, -0.0, 0.999999, 0.001565, -0.0, 0.0, 0.0, 0.0, 1.0],
                [1.0, 0.0, -0.0, 0.0, -0.0, 0.001565, -0.999999, 0.374721, -0.0, 0.999999, 0.001565, 0.0, 0.0, 0.0, 0.0, 1.0],
                [1.0, 0.0, -0.0, -0.0, -0.0, 0.001565, -0.999999, 0.374721, -0.0, 0.999999, 0.001565, 0.0, 0.0, 0.0, 0.0, 1.0],
                [1.0, 0.0, -0.0, -0.0, -0.0, 0.001565, -0.999999, 0.374721, -0.0, 0.999999, 0.001565, 0.0, 0.0, 0.0, 0.0, 1.0],
                [1.0, 0.0, -0.0, 0.0, -0.0, 0.001565, -0.999999, 0.374721, -0.0, 0.999999, 0.001565, -0.0, 0.0, 0.0, 0.0, 1.0],
                [1.0, 0.0, -0.0, -0.0, -0.0, 0.001565, -0.999999, 0.374721, -0.0, 0.999999, 0.001565, 0.0, 0.0, 0.0, 0.0, 1.0],
                [1.0, 0.0, -0.0, -0.0, -0.0, 0.001565, -0.999999, 0.374721, -0.0, 0.999999, 0.001565, 0.0, 0.0, 0.0, 0.0, 1.0],
                [1.0, 0.0, -0.0, -0.0, -0.0, 0.001565, -0.999999, 0.374721, -0.0, 0.999999, 0.001565, -0.0, 0.0, 0.0, 0.0, 1.0],
                [1.0, 0.0, -0.0, 0.0, -0.0, 0.001565, -0.999999, 0.374721, -0.0, 0.999999, 0.001565, 0.0, 0.0, 0.0, 0.0, 1.0],
                [1.0, -0.0, -0.0, -0.0, -0.0, 0.001565, -0.999999, 0.374721, -0.0, 0.999999, 0.001565, -0.0, 0.0, 0.0, 0.0, 1.0],
                [1.0, 0.0, -0.0, 0.0, -0.0, 0.001565, -0.999999, 0.374721, -0.0, 0.999999, 0.001565, 0.0, 0.0, 0.0, 0.0, 1.0],
                [1.0, 0.0, -0.0, 0.0, -0.0, 0.001565, -0.999999, 0.374721, -0.0, 0.999999, 0.001565, -0.0, 0.0, 0.0, 0.0, 1.0],
                [1.0, 0.0, -0.0, -0.0, -0.0, 0.001565, -0.999999, 0.374721, -0.0, 0.999999, 0.001565, 0.0, 0.0, 0.0, 0.0, 1.0],
                [1.0, 0.0, -0.0, -0.0, -0.0, 0.001565, -0.999999, 0.374721, -0.0, 0.999999, 0.001565, 0.0, 0.0, 0.0, 0.0, 1.0],
                [1.0, 0.0, -0.0, 0.0, -0.0, 0.001565, -0.999999, 0.374721, -0.0, 0.999999, 0.001565, 0.0, 0.0, 0.0, 0.0, 1.0],
                [1.0, 0.0, -0.0, -0.0, -0.0, 0.001565, -0.999999, 0.374721, -0.0, 0.999999, 0.001565, 0.0, 0.0, 0.0, 0.0, 1.0],
                [1.0, 0.0, -0.0, 0.0, -0.0, 0.001565, -0.999999, 0.374721, -0.0, 0.999999, 0.001565, 0.0, 0.0, 0.0, 0.0, 1.0],
                [1.0, 0.0, -0.0, -0.0, -0.0, 0.001565, -0.999999, 0.374721, -0.0, 0.999999, 0.001565, 0.0, 0.0, 0.0, 0.0, 1.0],
                [1.0, 0.0, -0.0, 0.0, -0.0, 0.001565, -0.999999, 0.374721, 0.0, 0.999999, 0.001565, -0.0, 0.0, 0.0, 0.0, 1.0],
                [1.0, 0.0, -0.0, 0.0, -0.0, 0.001565, -0.999999, 0.374721, -0.0, 0.999999, 0.001565, -0.0, 0.0, 0.0, 0.0, 1.0],
                [1.0, 0.0, -0.0, -0.0, -0.0, 0.001565, -0.999999, 0.374721, -0.0, 0.999999, 0.001565, -0.0, 0.0, 0.0, 0.0, 1.0],
                [1.0, 0.0, -0.0, 0.0, -0.0, 0.001565, -0.999999, 0.374721, -0.0, 0.999999, 0.001565, -0.0, 0.0, 0.0, 0.0, 1.0],
                [1.0, 0.0, -0.0, 0.0, -0.0, 0.001565, -0.999999, 0.374721, -0.0, 0.999999, 0.001565, 0.0, 0.0, 0.0, 0.0, 1.0],
                [1.0, 0.0, -0.0, -0.0, -0.0, 0.001565, -0.999999, 0.374721, -0.0, 0.999999, 0.001565, 0.0, 0.0, 0.0, 0.0, 1.0],
                [1.0, 0.0, -0.0, 0.0, -0.0, 0.001565, -0.999999, 0.374721, -0.0, 0.999999, 0.001565, -0.0, 0.0, 0.0, 0.0, 1.0],
                [1.0, 0.0, -0.0, 0.0, -0.0, 0.001565, -0.999999, 0.374721, -0.0, 0.999999, 0.001565, -0.0, 0.0, 0.0, 0.0, 1.0],
                [1.0, 0.0, -0.0, -0.0, -0.0, 0.001565, -0.999999, 0.374721, -0.0, 0.999999, 0.001565, 0.0, 0.0, 0.0, 0.0, 1.0],
                [1.0, 0.0, -0.0, -0.0, -0.0, 0.001565, -0.999999, 0.374721, -0.0, 0.999999, 0.001565, -0.0, 0.0, 0.0, 0.0, 1.0],
                [1.0, 0.0, -0.0, -0.0, -0.0, 0.001565, -0.999999, 0.37472, 0.0, 0.999999, 0.001565, -0.0, 0.0, 0.0, 0.0, 1.0],
                [1.0, 0.0, -0.0, -0.0, -0.0, 0.001565, -0.999999, 0.374721, -0.0, 0.999999, 0.001565, 0.0, 0.0, 0.0, 0.0, 1.0]
            ]
        },
        {
            "name": "Torso",
            "time": [0.0, 0.0167, 0.0333, 0.05, 0.0667, 0.0833, 0.1, 0.1167, 0.1333, 0.15, 0.1667, 0.1833, 0.2, 0.2167, 0.2333, 0.25, 0.2667, 0.2833, 0.3, 0.3167, 0.3333, 0.35, 0.3667, 0.3833, 0.4, 0.4167, 0.4333, 0.45, 0.4667, 0.4833, 0.5],
            "transform": [
                [1.0, 0.0, 0.0, 0.0, 0.0, 0.999988, -0.004949, 0.05, -0.0, 0.004949, 0.999988, 0.0, 0.0, 0.0, 0.0, 1.0],
                [0.999998, -0.002042, -3.6e-05, 0.0, 0.002042, 0.999963, -0.008405, 0.05, 5.3e-05, 0.008405, 0.999965, -0.0, 0.0, 0.0, 0.0, 1.0],
                [0.99997, -0.007795, -0.0001, 0.0, 0.007792, 0.999805, -0.01814, 0.05, 0.000241, 0.018138, 0.999835, -0.0, 0.0, 0.0, 0.0, 1.0],
                [0.999885, -0.015183, -0.0001, -0.0, 0.015172, 0.999415, -0.030637, 0.05, 0.000565, 0.030632, 0.999531, 0.0, 0.0, 0.0, 0.0, 1.0],
                [0.999781, -0.020935, -3.6e-05, -0.0, 0.020916, 0.998966, -0.040366, 0.05, 0.000881, 0.040356, 0.999185, 0.0, 0.0, 0.0, 0.0, 1.0],
                [0.999736, -0.022977, 0.0, -0.0, 0.022955, 0.998776, -0.043819, 0.05, 0.001006, 0.043807, 0.99904, 0.0, 0.0, 0.0, 0.0, 1.0],
                [0.999738, -0.022896, -1e-06, -0.0, 0.022874, 0.998784, -0.043682, 0.05, 0.001001, 0.04367, 0.999045, 0.0, 0.0, 0.0, 0.0, 1.0],
                [0.999743, -0.022651, -6e-06, -0.0, 0.02263, 0.998807, -0.043269, 0.05, 0.000986, 0.043257, 0.999063, 0.0, 0.0, 0.0, 0.0, 1.0],
                [0.999753, -0.022242, -1.3e-05, -0.0, 0.022222, 0.998846, -0.042577, 0.05, 0.00096, 0.042566, 0.999093, 0.0, 0.0, 0.0, 0.0, 1.0],
                [0.999765, -0.021669, -2.4e-05, -0.0, 0.021649, 0.998899, -0.041607, 0.05, 0.000925, 0.041597, 0.999134, 0.0, 0.0, 0.0, 0.0, 1.0],
                [0.999781, -0.020935, -3.6e-05, -0.0, 0.020916, 0.998966, -0.040366, 0.05, 0.000881, 0.040356, 0.999185, 0.0, 0.0, 0.0, 0.0, 1.0],
                [0.999799, -0.020046, -4.9e-05, -0.0, 0.020029, 0.999044, -0.038862, 0.05, 0.000828, 0.038853, 0.999245, 0.0, 0.0, 0.0, 0.0, 1.0],
                [0.999819, -0.019011, -6.3e-05, -0.0, 0.018995, 0.999131, -0.037112, 0.05, 0.000769, 0.037104, 0.999311, 0.0, 0.0, 0.0, 0.0, 1.0],
                [0.999841, -0.017843, -7.7e-05, -0.0, 0.01783, 0.999223, -0.035137, 0.05, 0.000704, 0.03513, 0.999382, 0.0, 0.0, 0.0, 0.0, 1.0],
                [0.999863, -0.01656, -9e-05, -0.0, 0.016549, 0.999319, -0.032967, 0.05, 0.000636, 0.032961, 0.999456, 0.0, 0.0, 0.0, 0.0, 1.0],
                [0.999885, -0.015183, -0.0001, -0.0, 0.015172, 0.999415, -0.030637, 0.05, 0.000565, 0.030632, 0.999531, 0.0, 0.0, 0.0, 0.0, 1.0],
                [0.999906, -0.013734, -0.000107, -0.0, 0.013726, 0.999509, -0.028187, 0.05, 0.000494, 0.028182, 0.999603, -0.0, 0.0, 0.0, 0.0, 1.0],
                [0.999925, -0.012242, -0.000111, -0.0, 0.012236, 0.999596, -0.025663, 0.05, 0.000425, 0.02566, 0.999671, -0.0, 0.0, 0.0, 0.0, 1.0],
                [0.999942, -0.010736, -0.000111, 0.0, 0.01073, 0.999675, -0.023114, 0.05, 0.000359, 0.023112, 0.999733, -0.0, 0.0, 0.0, 0.0, 1.0],
                [0.999957, -0.009244, -0.000107, 0.0, 0.00924, 0.999745, -0.02059, 0.05, 0.000297, 0.020588, 0.999788, -0.0, 0.0, 0.0, 0.0, 1.0],
                [0.99997, -0.007795, -0.0001, 0.0, 0.007792, 0.999805, -0.01814, 0.05, 0.000241, 0.018138, 0.999835, -0.0, 0.0, 0.0, 0.0, 1.0],
                [0.999979, -0.006417, -9e-05, 0.0, 0.006415, 0.999854, -0.015808, 0.05, 0.000191, 0.015807, 0.999875, -0.0, 0.0, 0.0, 0.0, 1.0],
                [0.999987, -0.005134, -7.7e-05, 0.0, 0.005133, 0.999894, -0.013637, 0.05, 0.000147, 0.013637, 0.999907, -0.0, 0.0, 0.0, 0.0, 1.0],
                [0.999992, -0.003967, -6.4e-05, 0.0, 0.003966, 0.999924, -0.011662, 0.05, 0.00011, 0.011661, 0.999932, -0.0, 0.0, 0.0, 0.0, 1.0],
                [0.999996, -0.002932, -4.9e-05, 0.0, 0.002931, 0.999947, -0.00991, 0.05, 7.8e-05, 0.00991, 0.999951, -0.0, 0.0, 0.0, 0.0, 1.0],
                [0.999998, -0.002042, -3.6e-05, 0.0, 0.002042, 0.999963, -0.008405, 0.05, 5.3e-05, 0.008405, 0.999965, -0.0, 0.0, 0.0, 0.0, 1.0],
                [0.999999, -0.001308, -2.4e-05, -0.0, 0.001308, 0.999974, -0.007163, 0.05, 3.3e-05, 0.007163, 0.999974, -0.0, 0.0, 0.0, 0.0, 1.0],
                [1.0, -0.000735, -1.4e-05, -0.0, 0.000734, 0.999981, -0.006192, 0.05, 1.8e-05, 0.006192, 0.999981, -0.0, 0.0, 0.0, 0.0, 1.0],
                [1.0, -0.000325, -6e-06, 0.0, 0.000325, 0.999985, -0.0055, 0.05, 8e-06, 0.0055, 0.999985, -0.0, 0.0, 0.0, 0.0, 1.0],
                [1.0, -8.1e-05, -1e-06, 0.0, 8.1e-05, 0.999987, -0.005086, 0.05, 2e-06, 0.005086, 0.999987, 0.0, 0.0, 0.0, 0.0, 1.0],
                [1.0, 0.0, 0.0, 0.0, 0.0, 0.999988, -0.004949, 0.05, -0.0, 0.004949, 0.999988, 0.0, 0.0, 0.0, 0.0, 1.0]
            ]
        },
        {
            "name": "Chest",
            "time": [0.0, 0.0167, 0.0333, 0.05, 0.0667, 0.0833, 0.1, 0.1167, 0.1333, 0.15, 0.1667, 0.1833, 0.2, 0.2167, 0.2333, 0.25, 0.2667, 0.2833, 0.3, 0.3167, 0.3333, 0.35, 0.3667, 0.3833, 0.4, 0.4167, 0.4333, 0.45, 0.4667, 0.4833, 0.5],
            "transform": [
                [0.970572, -0.0, 0.240811, -0.0, -0.002086, 0.999962, 0.008406, 0.300004, -0.240802, -0.008661, 0.970536, 0.0, 0.0, 0.0, 0.0, 1.0],
                [0.970559, -0.005066, 0.240811, 0.0, 0.003134, 0.99996, 0.008406, 0.300004, -0.240844, -0.007404, 0.970536, 0.0, 0.0, 0.0, 0.0, 1.0],
                [0.970379, -0.019337, 0.240811, 0.0, 0.017837, 0.999806, 0.008406, 0.300004, -0.240927, -0.003862, 0.970536, -0.0, 0.0, 0.0, 0.0, 1.0],
                [0.969841, -0.037655, 0.240811, -0.0, 0.036711, 0.99929, 0.008406, 0.300004, -0.240957, 0.000688, 0.970536, 0.0, 0.0, 0.0, 0.0, 1.0],
                [0.969183, -0.051912, 0.240811, 0.0, 0.051401, 0.998643, 0.008406, 0.300003, -0.24092, 0.004231, 0.970536, 0.0, 0.0, 0.0, 0.0, 1.0],
                [0.968899, -0.05697, 0.240811, -0.0, 0.056613, 0.998361, 0.008406, 0.300004, -0.240895, 0.005488, 0.970536, 0.0, 0.0, 0.0, 0.0, 1.0],
