{
    "animation": [
        {
            "name": "Root",
            "time": [0.0, 0.0167, 0.0333, 0.05, 0.0667, 0.0833, 0.1, 0.1167, 0.1333, 0.15, 0.1667, 0.1833, 0.2, 0.2167, 0.2333, 0.25, 0.2667, 0.2833, 0.3, 0.3167, 0.3333, 0.35, 0.3667, 0.3833, 0.4, 0.4167, 0.4333, 0.45, 0.4667, 0.4833, 0.5, 0.5167, 0.5333, 0.55, 0.5667, 0.5833, 0.6, 0.6167, 0.6333, 0.65, 0.6667, 0.6833, 0.7, 0.7167, 0.7333, 0.75, 0.7667, 0.7833, 0.8, 0.8167, 0.8333, 0.85, 0.8667, 0.8833, 0.9, 0.9167, 0.9333, 0.95, 0.9667, 0.9833, 1.0, 1.0167, 1.0333, 1.05, 1.0667, 1.0833, 1.1, 1.1167, 1.1333, 1.15, 1.1667, 1.1833, 1.2, 1.2167, 1.2333, 1.25, 1.2667, 1.2833, 1.3, 1.3167, 1.3333, 1.35, 1.3667, 1.3833, 1.4, 1.4167, 1.4333, 1.45, 1.4667, 1.4833, 1.5, 1.5167, 1.5333, 1.55, 1.5667, 1.5833, 1.6, 1.6167, 1.6333, 1.65, 1.6667, 1.6833, 1.7, 1.7167, 1.7333, 1.75, 1.7667, 1.7833, 1.8, 1.8167, 1.8333, 1.85, 1.8667, 1.8833, 1.9, 1.9167, 1.9333, 1.95, 1.9667, 1.9833, 2.0],
            "transform": [
                [1.0, 0.0, -0.0, -5e-06, -0.0, 0.230719, -0.97302, -0.038519, 0.0, 0.97302, 0.230719, 0.725053, 0.0, 0.0, 0.0, 1.0],
                [1.0, 0.0, -0.0, -5e-06, -0.0, 0.230719, -0.97302, -0.038519, 0.0, 0.97302, 0.230719, 0.725049, 0.0, 0.0, 0.0, 1.0],
                [1.0, 0.0, -0.0, -5e-06, -0.0, 0.230719, -0.97302, -0.038519, 0.0, 0.97302, 0.230719, 0.725039, 0.0, 0.0, 0.0, 1.0],
                [1.0, 0.0, -0.0, -5e-06, -0.0, 0.230719, -0.97302, -0.038519, 0.0, 0.97302, 0.230719, 0.725022, 0.0, 0.0, 0.0, 1.0],
                [1.0, 0.0, -0.0, -5e-06, -0.0, 0.230719, -0.97302, -0.038519, 0.0, 0.97302, 0.230719, 0.724997, 0.0, 0.0, 0.0, 1.0],
                [1.0, 0.0, -0.0, -5e-06, -0.0, 0.230719, -0.97302, -0.038519, 0.0, 0.97302, 0.230719, 0.724966, 0.0, 0.0, 0.0, 1.0],
                [1.0, 0.0, -0.0, -5e-06, -0.0, 0.230719, -0.97302, -0.038519, 0.0, 0.97302, 0.230719, 0.724927, 0.0, 0.0, 0.0, 1.0],
                [1.0, 0.0, -0.0, -5e-06, -0.0, 0.230719, -0.97302, -0.038519, 0.0, 0.97302, 0.230719, 0.724881, 0.0, 0.0, 0.0, 1.0],
                [1.0, 0.0, -0.0, -5e-06, -0.0, 0.230719, -0.97302, -0.038519, 0.0, 0.97302, 0.230719, 0.724829, 0.0, 0.0, 0.0, 1.0],
                [1.0, 0.0, -0.0, -5e-06, -0.0, 0.230719, -0.97302, -0.038519, 0.0, 0.97302, 0.230719, 0.724769, 0.0, 0.0, 0.0, 1.0],
                [1.0, 0.0, -0.0, -5e-06, -0.0, 0.230719, -0.97302, -0.038519, 0.0, 0.97302, 0.230719, 0.724702, 0.0, 0.0, 0.0, 1.0],
                [1.0, 0.0, -0.0, -5e-06, -0.0, 0.230719, -0.97302, -0.038519, 0.0, 0.97302, 0.230719, 0.724629, 0.0, 0.0, 0.0, 1.0],
                [1.0, 0.0, -0.0, -5e-06, -0.0, 0.230719, -0.97302, -0.038519, 0.0, 0.97302, 0.230719, 0.724549, 0.0, 0.0, 0.0, 1.0],
                [1.0, 0.0, -0.0, -5e-06, -0.0, 0.230719, -0.97302, -0.038519, 0.0, 0.97302, 0.230719, 0.724462, 0.0, 0.0, 0.0, 1.0],
                [1.0, 0.0, -0.0, -5e-06, -0.0, 0.230719, -0.97302, -0.038519, 0.0, 0.97302, 0.230719, 0.724368, 0.0, 0.0, 0.0, 1.0],
                [1.0, 0.0, -0.0, -5e-06, -0.0, 0.230719, -0.97302, -0.038519, 0.0, 0.97302, 0.230719, 0.724268, 0.0, 0.0, 0.0, 1.0],
                [1.0, 0.0, -0.0, -5e-06, -0.0, 0.230719, -0.97302, -0.038519, 0.0, 0.97302, 0.230719, 0.724162, 0.0, 0.0, 0.0, 1.0],
                [1.0, 0.0, -0.0, -5e-06, -0.0, 0.230719, -0.97302, -0.038519, 0.0, 0.97302, 0.230719, 0.724051, 0.0, 0.0, 0.0, 1.0],
                [1.0, 0.0, -0.0, -5e-06, -0.0, 0.230719, -0.97302, -0.038519, 0.0, 0.97302, 0.230719, 0.723933, 0.0, 0.0, 0.0, 1.0],
                [1.0, 0.0, -0.0, -5e-06, -0.0, 0.230719, -0.97302, -0.038519, 0.0, 0.97302, 0.230719, 0.72381, 0.0, 0.0, 0.0, 1.0],
                [1.0, 0.0, -0.0, -5e-06, -0.0, 0.230719, -0.97302, -0.038519, 0.0, 0.97302, 0.230719, 0.723682, 0.0, 0.0, 0.0, 1.0],
                [1.0, 0.0, -0.0, -5e-06, -0.0, 0.230719, -0.97302, -0.038519, 0.0, 0.97302, 0.230719, 0.72355, 0.0, 0.0, 0.0, 1.0],
                [1.0, 0.0, -0.0, -5e-06, -0.0, 0.230719, -0.97302, -0.038519, 0.0, 0.97302, 0.230719, 0.723413, 0.0, 0.0, 0.0, 1.0],
                [1.0, 0.0, -0.0, -5e-06, -0.0, 0.230719, -0.97302, -0.038519, 0.0, 0.97302, 0.230719, 0.723272, 0.0, 0.0, 0.0, 1.0],
                [1.0, 0.0, -0.0, -5e-06, -0.0, 0.230719, -0.97302, -0.038519, 0.0, 0.97302, 0.230719, 0.723128, 0.0, 0.0, 0.0, 1.0],
                [1.0, 0.0, -0.0, -5e-06, -0.0, 0.230719, -0.97302, -0.038519, 0.0, 0.97302, 0.230719, 0.722981, 0.0, 0.0, 0.0, 1.0],
                [1.0, 0.0, -0.0, -5e-06, -0.0, 0.230719, -0.97302, -0.038519, 0.0, 0.97302, 0.230719, 0.722831, 0.0, 0.0, 0.0, 1.0],
                [1.0, 0.0, -0.0, -5e-06, -0.0, 0.230719, -0.97302, -0.038519, 0.0, 0.97302, 0.230719, 0.722679, 0.0, 0.0, 0.0, 1.0],
                [1.0, 0.0, -0.0, -5e-06, -0.0, 0.230719, -0.97302, -0.038519, 0.0, 0.97302, 0.230719, 0.722526, 0.0, 0.0, 0.0, 1.0],
                [1.0, 0.0, -0.0, -5e-06, -0.0, 0.230719, -0.97302, -0.038519, 0.0, 0.97302, 0.230719, 0.722371, 0.0, 0.0, 0.0, 1.0],
                [1.0, 0.0, -0.0, -5e-06, -0.0, 0.230719, -0.97302, -0.038519, 0.0, 0.97302, 0.230719, 0.722216, 0.0, 0.0, 0.0, 1.0],
                [1.0, 0.0, -0.0, -5e-06, -0.0, 0.230719, -0.97302, -0.038519, 0.0, 0.97302, 0.230719, 0.722061, 0.0, 0.0, 0.0, 1.0],
                [1.0, 0.0, -0.0, -5e-06, -0.0, 0.230719, -0.97302, -0.038519, 0.0, 0.97302, 0.230719, 0.721907, 0.0, 0.0, 0.0, 1.0],
                [1.0, 0.0, -0.0, -5e-06, -0.0, 0.230719, -0.97302, -0.038519, 0.0, 0.97302, 0.230719, 0.721753, 0.0, 0.0, 0.0, 1.0],
                [1.0, 0.0, -0.0, -5e-06, -0.0, 0.230719, -0.97302, -0.038519, 0.0, 0.97302, 0.230719, 0.721601, 0.0, 0.0, 0.0, 1.0],
                [1.0, 0.0, -0.0, -5e-06, -0.0, 0.230719, -0.97302, -0.038519, 0.0, 0.97302, 0.230719, 0.721451, 0.0, 0.0, 0.0, 1.0],
                [1.0, 0.0, -0.0, -5e-06, -0.0, 0.230719, -0.97302, -0.038519, 0.0, 0.97302, 0.230719, 0.721304, 0.0, 0.0, 0.0, 1.0],
                [1.0, 0.0, -0.0, -5e-06, -0.0, 0.230719, -0.97302, -0.038519, 0.0, 0.97302, 0.230719, 0.72116, 0.0, 0.0, 0.0, 1.0],
                [1.0, 0.0, -0.0, -5e-06, -0.0, 0.230719, -0.97302, -0.038519, 0.0, 0.97302, 0.230719, 0.721019, 0.0, 0.0, 0.0, 1.0],
                [1.0, 0.0, -0.0, -5e-06, -0.0, 0.230719, -0.97302, -0.038519, 0.0, 0.97302, 0.230719, 0.720882, 0.0, 0.0, 0.0, 1.0],
                [1.0, 0.0, -0.0, -5e-06, -0.0, 0.230719, -0.97302, -0.038519, 0.0, 0.97302, 0.230719, 0.72075, 0.0, 0.0, 0.0, 1.0],
                [1.0, 0.0, -0.0, -5e-06, -0.0, 0.230719, -0.97302, -0.038519, 0.0, 0.97302, 0.230719, 0.720622, 0.0, 0.0, 0.0, 1.0],
                [1.0, 0.0, -0.0, -5e-06, -0.0, 0.230719, -0.97302, -0.038519, 0.0, 0.97302, 0.230719, 0.720499, 0.0, 0.0, 0.0, 1.0],
                [1.0, 0.0, -0.0, -5e-06, -0.0, 0.230719, -0.97302, -0.038519, 0.0, 0.97302, 0.230719, 0.720382, 0.0, 0.0, 0.0, 1.0],
                [1.0, 0.0, -0.0, -5e-06, -0.0, 0.230719, -0.97302, -0.038519, 0.0, 0.97302, 0.230719, 0.72027, 0.0, 0.0, 0.0, 1.0],
                [1.0, 0.0, -0.0, -5e-06, -0.0, 0.230719, -0.97302, -0.038519, 0.0, 0.97302, 0.230719, 0.720164, 0.0, 0.0, 0.0, 1.0],
                [1.0, 0.0, -0.0, -5e-06, -0.0, 0.230719, -0.97302, -0.038519, 0.0, 0.97302, 0.230719, 0.720064, 0.0, 0.0, 0.0, 1.0],
                [1.0, 0.0, -0.0, -5e-06, -0.0, 0.230719, -0.97302, -0.038519, 0.0, 0.97302, 0.230719, 0.719971, 0.0, 0.0, 0.0, 1.0],
                [1.0, 0.0, -0.0, -5e-06, -0.0, 0.230719, -0.97302, -0.038519, 0.0, 0.97302, 0.230719, 0.719884, 0.0, 0.0, 0.0, 1.0],
                [1.0, 0.0, -0.0, -5e-06, -0.0, 0.230719, -0.97302, -0.038519, 0.0, 0.97302, 0.230719, 0.719803, 0.0, 0.0, 0.0, 1.0],
                [1.0, 0.0, -0.0, -5e-06, -0.0, 0.230719, -0.97302, -0.038519, 0.0, 0.97302, 0.230719, 0.71973, 0.0, 0.0, 0.0, 1.0],
                [1.0, 0.0, -0.0, -5e-06, -0.0, 0.230719, -0.97302, -0.038519, 0.0, 0.97302, 0.230719, 0.719663, 0.0, 0.0, 0.0, 1.0],
                [1.0, 0.0, -0.0, -5e-06, -0.0, 0.230719, -0.97302, -0.038519, 0.0, 0.97302, 0.230719, 0.719604, 0.0, 0.0, 0.0, 1.0],
                [1.0, 0.0, -0.0, -5e-06, -0.0, 0.230719, -0.97302, -0.038519, 0.0, 0.97302, 0.230719, 0.719551, 0.0, 0.0, 0.0, 1.0],
                [1.0, 0.0, -0.0, -5e-06, -0.0, 0.230719, -0.97302, -0.038519, 0.0, 0.97302, 0.230719, 0.719505, 0.0, 0.0, 0.0, 1.0],
                [1.0, 0.0, -0.0, -5e-06, -0.0, 0.230719, -0.97302, -0.038519, 0.0, 0.97302, 0.230719, 0.719467, 0.0, 0.0, 0.0, 1.0],
                [1.0, 0.0, -0.0, -5e-06, -0.0, 0.230719, -0.97302, -0.038519, 0.0, 0.97302, 0.230719, 0.719435, 0.0, 0.0, 0.0, 1.0],
                [1.0, 0.0, -0.0, -5e-06, -0.0, 0.230719, -0.97302, -0.038519, 0.0, 0.97302, 0.230719, 0.719411, 0.0, 0.0, 0.0, 1.0],
                [1.0, 0.0, -0.0, -5e-06, -0.0, 0.230719, -0.97302, -0.038519, 0.0, 0.97302, 0.230719, 0.719393, 0.0, 0.0, 0.0, 1.0],
                [1.0, 0.0, -0.0, -5e-06, -0.0, 0.230719, -0.97302, -0.038519, 0.0, 0.97302, 0.230719, 0.719383, 0.0, 0.0, 0.0, 1.0],
                [1.0, 0.0, -0.0, -5e-06, -0.0, 0.230719, -0.97302, -0.038519, 0.0, 0.97302, 0.230719, 0.719379, 0.0, 0.0, 0.0, 1.0],
                [1.0, 0.0, -0.0, -5e-06, -0.0, 0.230719, -0.97302, -0.038519, 0.0, 0.97302, 0.230719, 0.719383, 0.0, 0.0, 0.0, 1.0],
                [1.0, 0.0, -0.0, -5e-06, -0.0, 0.230719, -0.97302, -0.038519, 0.0, 0.97302, 0.230719, 0.719393, 0.0, 0.0, 0.0, 1.0],
                [1.0, 0.0, -0.0, -5e-06, -0.0, 0.230719, -0.97302, -0.038519, 0.0, 0.97302, 0.230719, 0.719411, 0.0, 0.0, 0.0, 1.0],
                [1.0, 0.0, -0.0, -5e-06, -0.0, 0.230719, -0.97302, -0.038519, 0.0, 0.97302, 0.230719, 0.719435, 0.0, 0.0, 0.0, 1.0],
                [1.0, 0.0, -0.0, -5e-06, -0.0, 0.230719, -0.97302, -0.038519, 0.0, 0.97302, 0.230719, 0.719467, 0.0, 0.0, 0.0, 1.0],
                [1.0, 0.0, -0.0, -5e-06, -0.0, 0.230719, -0.97302, -0.038519, 0.0, 0.97302, 0.230719, 0.719505, 0.0, 0.0, 0.0, 1.0],
                [1.0, 0.0, -0.0, -5e-06, -0.0, 0.230719, -0.97302, -0.038519, 0.0, 0.97302, 0.230719, 0.719551, 0.0, 0.0, 0.0, 1.0],
                [1.0, 0.0, -0.0, -5e-06, -0.0, 0.230719, -0.97302, -0.038519, 0.0, 0.97302, 0.230719, 0.719604, 0.0, 0.0, 0.0, 1.0],
                [1.0, 0.0, -0.0, -5e-06, -0.0, 0.230719, -0.97302, -0.038519, 0.0, 0.97302, 0.230719, 0.719663, 0.0, 0.0, 0.0, 1.0],
                [1.0, 0.0, -0.0, -5e-06, -0.0, 0.230719, -0.97302, -0.038519, 0.0, 0.97302, 0.230719, 0.71973, 0.0, 0.0, 0.0, 1.0],
                [1.0, 0.0, -0.0, -5e-06, -0.0, 0.230719, -0.97302, -0.038519, 0.0, 0.97302, 0.230719, 0.719803, 0.0, 0.0, 0.0, 1.0],
                [1.0, 0.0, -0.0, -5e-06, -0.0, 0.230719, -0.97302, -0.038519, 0.0, 0.97302, 0.230719, 0.719884, 0.0, 0.0, 0.0, 1.0],
                [1.0, 0.0, -0.0, -5e-06, -0.0, 0.230719, -0.97302, -0.038519, 0.0, 0.97302, 0.230719, 0.719971, 0.0, 0.0, 0.0, 1.0],
                [1.0, 0.0, -0.0, -5e-06, -0.0, 0.230719, -0.97302, -0.038519, 0.0, 0.97302, 0.230719, 0.720064, 0.0, 0.0, 0.0, 1.0],
                [1.0, 0.0, -0.0, -5e-06, -0.0, 0.230719, -0.97302, -0.038519, 0.0, 0.97302, 0.230719, 0.720164, 0.0, 0.0, 0.0, 1.0],
                [1.0, 0.0, -0.0, -5e-06, -0.0, 0.230719, -0.97302, -0.038519, 0.0, 0.97302, 0.230719, 0.72027, 0.0, 0.0, 0.0, 1.0],
                [1.0, 0.0, -0.0, -5e-06, -0.0, 0.230719, -0.97302, -0.038519, 0.0, 0.97302, 0.230719, 0.720382, 0.0, 0.0, 0.0, 1.0],
                [1.0, 0.0, -0.0, -5e-06, -0.0, 0.230719, -0.97302, -0.038519, 0.0, 0.97302, 0.230719, 0.720499, 0.0, 0.0, 0.0, 1.0],
                [1.0, 0.0, -0.0, -5e-06, -0.0, 0.230719, -0.97302, -0.038519, 0.0, 0.97302, 0.230719, 0.720622, 0.0, 0.0, 0.0, 1.0],
                [1.0, 0.0, -0.0, -5e-06, -0.0, 0.230719, -0.97302, -0.038519, 0.0, 0.97302, 0.230719, 0.72075, 0.0, 0.0, 0.0, 1.0],
                [1.0, 0.0, -0.0, -5e-06, -0.0, 0.230719, -0.97302, -0.038519, 0.0, 0.97302, 0.230719, 0.720882, 0.0, 0.0, 0.0, 1.0],
                [1.0, 0.0, -0.0, -5e-06, -0.0, 0.230719, -0.97302, -0.038519, 0.0, 0.97302, 0.230719, 0.721019, 0.0, 0.0, 0.0, 1.0],
                [1.0, 0.0, -0.0, -5e-06, -0.0, 0.230719, -0.97302, -0.038519, 0.0, 0.97302, 0.230719, 0.72116, 0.0, 0.0, 0.0, 1.0],
                [1.0, 0.0, -0.0, -5e-06, -0.0, 0.230719, -0.97302, -0.038519, 0.0, 0.97302, 0.230719, 0.721304, 0.0, 0.0, 0.0, 1.0],
                [1.0, 0.0, -0.0, -5e-06, -0.0, 0.230719, -0.97302, -0.038519, 0.0, 0.97302, 0.230719, 0.721451, 0.0, 0.0, 0.0, 1.0],
                [1.0, 0.0, -0.0, -5e-06, -0.0, 0.230719, -0.97302, -0.038519, 0.0, 0.97302, 0.230719, 0.721601, 0.0, 0.0, 0.0, 1.0],
                [1.0, 0.0, -0.0, -5e-06, -0.0, 0.230719, -0.97302, -0.038519, 0.0, 0.97302, 0.230719, 0.721753, 0.0, 0.0, 0.0, 1.0],
                [1.0, 0.0, -0.0, -5e-06, -0.0, 0.230719, -0.97302, -0.038519, 0.0, 0.97302, 0.230719, 0.721907, 0.0, 0.0, 0.0, 1.0],
                [1.0, 0.0, -0.0, -5e-06, -0.0, 0.230719, -0.97302, -0.038519, 0.0, 0.97302, 0.230719, 0.722061, 0.0, 0.0, 0.0, 1.0],
                [1.0, 0.0, -0.0, -5e-06, -0.0, 0.230719, -0.97302, -0.038519, 0.0, 0.97302, 0.230719, 0.722216, 0.0, 0.0, 0.0, 1.0],
                [1.0, 0.0, -0.0, -5e-06, -0.0, 0.230719, -0.97302, -0.038519, 0.0, 0.97302, 0.230719, 0.722371, 0.0, 0.0, 0.0, 1.0],
                [1.0, 0.0, -0.0, -5e-06, -0.0, 0.230719, -0.97302, -0.038519, 0.0, 0.97302, 0.230719, 0.722526, 0.0, 0.0, 0.0, 1.0],
                [1.0, 0.0, -0.0, -5e-06, -0.0, 0.230719, -0.97302, -0.038519, 0.0, 0.97302, 0.230719, 0.722679, 0.0, 0.0, 0.0, 1.0],
                [1.0, 0.0, -0.0, -5e-06, -0.0, 0.230719, -0.97302, -0.038519, 0.0, 0.97302, 0.230719, 0.722831, 0.0, 0.0, 0.0, 1.0],
                [1.0, 0.0, -0.0, -5e-06, -0.0, 0.230719, -0.97302, -0.038519, 0.0, 0.97302, 0.230719, 0.722981, 0.0, 0.0, 0.0, 1.0],
                [1.0, 0.0, -0.0, -5e-06, -0.0, 0.230719, -0.97302, -0.038519, 0.0, 0.97302, 0.230719, 0.723128, 0.0, 0.0, 0.0, 1.0],
                [1.0, 0.0, -0.0, -5e-06, -0.0, 0.230719, -0.97302, -0.038519, 0.0, 0.97302, 0.230719, 0.723272, 0.0, 0.0, 0.0, 1.0],
                [1.0, 0.0, -0.0, -5e-06, -0.0, 0.230719, -0.97302, -0.038519, 0.0, 0.97302, 0.230719, 0.723413, 0.0, 0.0, 0.0, 1.0],
                [1.0, 0.0, -0.0, -5e-06, -0.0, 0.230719, -0.97302, -0.038519, 0.0, 0.97302, 0.230719, 0.72355, 0.0, 0.0, 0.0, 1.0],
                [1.0, 0.0, -0.0, -5e-06, -0.0, 0.230719, -0.97302, -0.038519, 0.0, 0.97302, 0.230719, 0.723682, 0.0, 0.0, 0.0, 1.0],
                [1.0, 0.0, -0.0, -5e-06, -0.0, 0.230719, -0.97302, -0.038519, 0.0, 0.97302, 0.230719, 0.72381, 0.0, 0.0, 0.0, 1.0],
                [1.0, 0.0, -0.0, -5e-06, -0.0, 0.230719, -0.97302, -0.038519, 0.0, 0.97302, 0.230719, 0.723933, 0.0, 0.0, 0.0, 1.0],
                [1.0, 0.0, -0.0, -5e-06, -0.0, 0.230719, -0.97302, -0.038519, 0.0, 0.97302, 0.230719, 0.724051, 0.0, 0.0, 0.0, 1.0],
                [1.0, 0.0, -0.0, -5e-06, -0.0, 0.230719, -0.97302, -0.038519, 0.0, 0.97302, 0.230719, 0.724162, 0.0, 0.0, 0.0, 1.0],
                [1.0, 0.0, -0.0, -5e-06, -0.0, 0.230719, -0.97302, -0.038519, 0.0, 0.97302, 0.230719, 0.724268, 0.0, 0.0, 0.0, 1.0],
                [1.0, 0.0, -0.0, -5e-06, -0.0, 0.230719, -0.97302, -0.038519, 0.0, 0.97302, 0.230719, 0.724368, 0.0, 0.0, 0.0, 1.0],
                [1.0, 0.0, -0.0, -5e-06, -0.0, 0.230719, -0.97302, -0.038519, 0.0, 0.97302, 0.230719, 0.724462, 0.0, 0.0, 0.0, 1.0],
                [1.0, 0.0, -0.0, -5e-06, -0.0, 0.230719, -0.97302, -0.038519, 0.0, 0.97302, 0.230719, 0.724549, 0.0, 0.0, 0.0, 1.0],
                [1.0, 0.0, -0.0, -5e-06, -0.0, 0.230719, -0.97302, -0.038519, 0.0, 0.97302, 0.230719, 0.724629, 0.0, 0.0, 0.0, 1.0],
                [1.0, 0.0, -0.0, -5e-06, -0.0, 0.230719, -0.97302, -0.038519, 0.0, 0.97302, 0.230719, 0.724702, 0.0, 0.0, 0.0, 1.0],
                [1.0, 0.0, -0.0, -5e-06, -0.0, 0.230719, -0.97302, -0.038519, 0.0, 0.97302, 0.230719, 0.724769, 0.0, 0.0, 0.0, 1.0],
                [1.0, 0.0, -0.0, -5e-06, -0.0, 0.230719, -0.97302, -0.038519, 0.0, 0.97302, 0.230719, 0.724829, 0.0, 0.0, 0.0, 1.0],
                [1.0, 0.0, -0.0, -5e-06, -0.0, 0.230719, -0.97302, -0.038519, 0.0, 0.97302, 0.230719, 0.724881, 0.0, 0.0, 0.0, 1.0],
                [1.0, 0.0, -0.0, -5e-06, -0.0, 0.230719, -0.97302, -0.038519, 0.0, 0.97302, 0.230719, 0.724927, 0.0, 0.0, 0.0, 1.0],
                [1.0, 0.0, -0.0, -5e-06, -0.0, 0.230719, -0.97302, -0.038519, 0.0, 0.97302, 0.230719, 0.724966, 0.0, 0.0, 0.0, 1.0],
                [1.0, 0.0, -0.0, -5e-06, -0.0, 0.230719, -0.97302, -0.038519, 0.0, 0.97302, 0.230719, 0.724997, 0.0, 0.0, 0.0, 1.0],
                [1.0, 0.0, -0.0, -5e-06, -0.0, 0.230719, -0.97302, -0.038519, 0.0, 0.97302, 0.230719, 0.725022, 0.0, 0.0, 0.0, 1.0],
                [1.0, 0.0, -0.0, -5e-06, -0.0, 0.230719, -0.97302, -0.038519, 0.0, 0.97302, 0.230719, 0.725039, 0.0, 0.0, 0.0, 1.0],
                [1.0, 0.0, -0.0, -5e-06, -0.0, 0.230719, -0.97302, -0.038519, 0.0, 0.97302, 0.230719, 0.725049, 0.0, 0.0, 0.0, 1.0],
                [1.0, 0.0, -0.0, -5e-06, -0.0, 0.230719, -0.97302, -0.038519, 0.0, 0.97302, 0.230719, 0.725053, 0.0, 0.0, 0.0, 1.0]
            ]
        },
        {
            "name": "Thigh_R",
            "time": [0.0, 0.0167, 0.0333, 0.05, 0.0667, 0.0833, 0.1, 0.1167, 0.1333, 0.15, 0.1667, 0.1833, 0.2, 0.2167, 0.2333, 0.25, 0.2667, 0.2833, 0.3, 0.3167, 0.3333, 0.35, 0.3667, 0.3833, 0.4, 0.4167, 0.4333, 0.45, 0.4667, 0.4833, 0.5, 0.5167, 0.5333, 0.55, 0.5667, 0.5833, 0.6, 0.6167, 0.6333, 0.65, 0.6667, 0.6833, 0.7, 0.7167, 0.7333, 0.75, 0.7667, 0.7833, 0.8, 0.8167, 0.8333, 0.85, 0.8667, 0.8833, 0.9, 0.9167, 0.9333, 0.95, 0.9667, 0.9833, 1.0, 1.0167, 1.0333, 1.05, 1.0667, 1.0833, 1.1, 1.1167, 1.1333, 1.15, 1.1667, 1.1833, 1.2, 1.2167, 1.2333, 1.25, 1.2667, 1.2833, 1.3, 1.3167, 1.3333, 1.35, 1.3667, 1.3833, 1.4, 1.4167, 1.4333, 1.45, 1.4667, 1.4833, 1.5, 1.5167, 1.5333, 1.55, 1.5667, 1.5833, 1.6, 1.6167, 1.6333, 1.65, 1.6667, 1.6833, 1.7, 1.7167, 1.7333, 1.75, 1.7667, 1.7833, 1.8, 1.8167, 1.8333, 1.85, 1.8667, 1.8833, 1.9, 1.9167, 1.9333, 1.95, 1.9667, 1.9833, 2.0],
            "transform": [
                [0.960888, 0.222835, -0.164433, 0.124994, 0.274534, -0.844512, 0.459817, -0.002831, -0.036402, -0.486975, -0.872657, -1.2e-05, 0.0, 0.0, 0.0, 1.0],
                [0.960888, 0.222833, -0.164438, 0.124994, 0.274535, -0.8445, 0.459837, -0.002831, -0.036401, -0.486996, -0.872646, -1.2e-05, 0.0, 0.0, 0.0, 1.0],
                [0.960886, 0.222828, -0.164453, 0.124994, 0.27454, -0.844465, 0.459898, -0.002831, -0.036397, -0.487059, -0.872611, -1.2e-05, 0.0, 0.0, 0.0, 1.0],
                [0.960884, 0.222818, -0.164479, 0.124994, 0.274549, -0.844407, 0.46, -0.002831, -0.036391, -0.487164, -0.872552, -1.2e-05, 0.0, 0.0, 0.0, 1.0],
                [0.960881, 0.222805, -0.164515, 0.124994, 0.27456, -0.844325, 0.460143, -0.002831, -0.036382, -0.487312, -0.87247, -1.2e-05, 0.0, 0.0, 0.0, 1.0],
                [0.960877, 0.222788, -0.164561, 0.124994, 0.274576, -0.84422, 0.460327, -0.002831, -0.036371, -0.487502, -0.872364, -1.2e-05, 0.0, 0.0, 0.0, 1.0],
                [0.960872, 0.222766, -0.164618, 0.124994, 0.274594, -0.844091, 0.460552, -0.002831, -0.036357, -0.487735, -0.872234, -1.2e-05, 0.0, 0.0, 0.0, 1.0],
                [0.960867, 0.222741, -0.164684, 0.124994, 0.274616, -0.843938, 0.460818, -0.002831, -0.03634, -0.48801, -0.872081, -1.2e-05, 0.0, 0.0, 0.0, 1.0],
                [0.96086, 0.222713, -0.164761, 0.124994, 0.274642, -0.843763, 0.461125, -0.002831, -0.036321, -0.488327, -0.871904, -1.2e-05, 0.0, 0.0, 0.0, 1.0],
                [0.960853, 0.22268, -0.164848, 0.124994, 0.27467, -0.843564, 0.461471, -0.002831, -0.036299, -0.488685, -0.871705, -1.2e-05, 0.0, 0.0, 0.0, 1.0],
                [0.960845, 0.222644, -0.164945, 0.124994, 0.274703, -0.843342, 0.461858, -0.002831, -0.036275, -0.489085, -0.871482, -1.2e-05, 0.0, 0.0, 0.0, 1.0],
                [0.960835, 0.222604, -0.165052, 0.124994, 0.274738, -0.843098, 0.462283, -0.002831, -0.036249, -0.489524, -0.871236, -1.2e-05, 0.0, 0.0, 0.0, 1.0],
                [0.960826, 0.222561, -0.165168, 0.124994, 0.274776, -0.842831, 0.462745, -0.002831, -0.03622, -0.490002, -0.870969, -1.2e-05, 0.0, 0.0, 0.0, 1.0],
                [0.960815, 0.222514, -0.165294, 0.124994, 0.274818, -0.842543, 0.463245, -0.002831, -0.036188, -0.490518, -0.870679, -1.2e-05, 0.0, 0.0, 0.0, 1.0],
                [0.960803, 0.222464, -0.165428, 0.124994, 0.274863, -0.842234, 0.46378, -0.002831, -0.036155, -0.491071, -0.870369, -1.2e-05, 0.0, 0.0, 0.0, 1.0],
                [0.960791, 0.222411, -0.165571, 0.124994, 0.274911, -0.841905, 0.464349, -0.002831, -0.036119, -0.49166, -0.870038, -1.2e-05, 0.0, 0.0, 0.0, 1.0],
                [0.960778, 0.222355, -0.165721, 0.124994, 0.274961, -0.841558, 0.464947, -0.002831, -0.03608, -0.492278, -0.86969, -1.2e-05, 0.0, 0.0, 0.0, 1.0],
                [0.960764, 0.222297, -0.165879, 0.124994, 0.275014, -0.841193, 0.465576, -0.002831, -0.03604, -0.492928, -0.869323, -1.2e-05, 0.0, 0.0, 0.0, 1.0],
                [0.96075, 0.222236, -0.166044, 0.124994, 0.27507, -0.840811, 0.466234, -0.002831, -0.035998, -0.493608, -0.868939, -1.2e-05, 0.0, 0.0, 0.0, 1.0],
                [0.960735, 0.222172, -0.166216, 0.124994, 0.275128, -0.840412, 0.466918, -0.002831, -0.035954, -0.494315, -0.868539, -1.2e-05, 0.0, 0.0, 0.0, 1.0],
                [0.960719, 0.222106, -0.166394, 0.124994, 0.275189, -0.839997, 0.467628, -0.002831, -0.035908, -0.495049, -0.868123, -1.2e-05, 0.0, 0.0, 0.0, 1.0],
                [0.960703, 0.222038, -0.166579, 0.124994, 0.275251, -0.839569, 0.46836, -0.002831, -0.035861, -0.495806, -0.867693, -1.2e-05, 0.0, 0.0, 0.0, 1.0],
                [0.960687, 0.221968, -0.166768, 0.124994, 0.275316, -0.839127, 0.469113, -0.002831, -0.035811, -0.496584, -0.86725, -1.2e-05, 0.0, 0.0, 0.0, 1.0],
                [0.960669, 0.221896, -0.166962, 0.124994, 0.275382, -0.838674, 0.469883, -0.002831, -0.035761, -0.497381, -0.866795, -1.2e-05, 0.0, 0.0, 0.0, 1.0],
                [0.960652, 0.221823, -0.167159, 0.124994, 0.27545, -0.838211, 0.470669, -0.002831, -0.035709, -0.498193, -0.866331, -1.2e-05, 0.0, 0.0, 0.0, 1.0],
                [0.960634, 0.221749, -0.16736, 0.124994, 0.275519, -0.83774, 0.471467, -0.002831, -0.035657, -0.499018, -0.865858, -1.2e-05, 0.0, 0.0, 0.0, 1.0],
                [0.960616, 0.221674, -0.167563, 0.124994, 0.275589, -0.837262, 0.472275, -0.002831, -0.035603, -0.499854, -0.865378, -1.2e-05, 0.0, 0.0, 0.0, 1.0],
                [0.960598, 0.221598, -0.167768, 0.124994, 0.27566, -0.836778, 0.47309, -0.002831, -0.035549, -0.500696, -0.864893, -1.2e-05, 0.0, 0.0, 0.0, 1.0],
                [0.960579, 0.221522, -0.167975, 0.124994, 0.275731, -0.83629, 0.47391, -0.002831, -0.035494, -0.501544, -0.864404, -1.2e-05, 0.0, 0.0, 0.0, 1.0],
                [0.96056, 0.221446, -0.168181, 0.124994, 0.275803, -0.835801, 0.474731, -0.002831, -0.035439, -0.502393, -0.863913, -1.2e-05, 0.0, 0.0, 0.0, 1.0],
                [0.960542, 0.22137, -0.168388, 0.124994, 0.275875, -0.835311, 0.475551, -0.002831, -0.035384, -0.50324, -0.863422, -1.2e-05, 0.0, 0.0, 0.0, 1.0],
                [0.960523, 0.221294, -0.168593, 0.124994, 0.275947, -0.834823, 0.476366, -0.002831, -0.035328, -0.504084, -0.862932, -1.2e-05, 0.0, 0.0, 0.0, 1.0],
                [0.960505, 0.221219, -0.168797, 0.124994, 0.276018, -0.834337, 0.477175, -0.002831, -0.035273, -0.50492, -0.862445, -1.2e-05, 0.0, 0.0, 0.0, 1.0],
                [0.960486, 0.221145, -0.168999, 0.124994, 0.276089, -0.833856, 0.477975, -0.002831, -0.035219, -0.505747, -0.861963, -1.2e-05, 0.0, 0.0, 0.0, 1.0],
                [0.960467, 0.221058, -0.169219, 0.124994, 0.276162, -0.833331, 0.478846, -0.002831, -0.035163, -0.506648, -0.861436, -1.2e-05, 0.0, 0.0, 0.0, 1.0],
                [0.960449, 0.220986, -0.169415, 0.124994, 0.276231, -0.832862, 0.479622, -0.002831, -0.03511, -0.507451, -0.860965, -1.2e-05, 0.0, 0.0, 0.0, 1.0],
                [0.960432, 0.220916, -0.169607, 0.124994, 0.276299, -0.832402, 0.480381, -0.002831, -0.035057, -0.508236, -0.860504, -1.2e-05, 0.0, 0.0, 0.0, 1.0],
                [0.960415, 0.220847, -0.169793, 0.124994, 0.276365, -0.831952, 0.481121, -0.002831, -0.035006, -0.509001, -0.860054, -1.2e-05, 0.0, 0.0, 0.0, 1.0],
                [0.960398, 0.22078, -0.169975, 0.124994, 0.27643, -0.831515, 0.48184, -0.002831, -0.034956, -0.509745, -0.859615, -1.2e-05, 0.0, 0.0, 0.0, 1.0],
                [0.960382, 0.220715, -0.170151, 0.124994, 0.276492, -0.83109, 0.482536, -0.002831, -0.034907, -0.510464, -0.85919, -1.2e-05, 0.0, 0.0, 0.0, 1.0],
                [0.960366, 0.220653, -0.17032, 0.124994, 0.276553, -0.83068, 0.483207, -0.002831, -0.03486, -0.511159, -0.858779, -1.2e-05, 0.0, 0.0, 0.0, 1.0],
                [0.960351, 0.220593, -0.170483, 0.124994, 0.276611, -0.830285, 0.483853, -0.002831, -0.034815, -0.511826, -0.858384, -1.2e-05, 0.0, 0.0, 0.0, 1.0],
                [0.960336, 0.220536, -0.170639, 0.124994, 0.276667, -0.829906, 0.48447, -0.002831, -0.034771, -0.512464, -0.858004, -1.2e-05, 0.0, 0.0, 0.0, 1.0],
                [0.960322, 0.220481, -0.170788, 0.124994, 0.276721, -0.829545, 0.485058, -0.002831, -0.03473, -0.513073, -0.857642, -1.2e-05, 0.0, 0.0, 0.0, 1.0],
                [0.960309, 0.22043, -0.170929, 0.124994, 0.276772, -0.829201, 0.485616, -0.002831, -0.03469, -0.51365, -0.857298, -1.2e-05, 0.0, 0.0, 0.0, 1.0],
                [0.960297, 0.220381, -0.171062, 0.124994, 0.27682, -0.828876, 0.486144, -0.002831, -0.034652, -0.514196, -0.856973, -1.2e-05, 0.0, 0.0, 0.0, 1.0],
                [0.960285, 0.220335, -0.171187, 0.124994, 0.276865, -0.82857, 0.486639, -0.002831, -0.034617, -0.514708, -0.856667, -1.2e-05, 0.0, 0.0, 0.0, 1.0],
                [0.960274, 0.220292, -0.171304, 0.124994, 0.276907, -0.828284, 0.487101, -0.002831, -0.034584, -0.515186, -0.856381, -1.2e-05, 0.0, 0.0, 0.0, 1.0],
                [0.960264, 0.220252, -0.171413, 0.124994, 0.276947, -0.828019, 0.48753, -0.002831, -0.034553, -0.515629, -0.856115, -1.2e-05, 0.0, 0.0, 0.0, 1.0],
                [0.960254, 0.220216, -0.171513, 0.124994, 0.276983, -0.827774, 0.487925, -0.002831, -0.034525, -0.516039, -0.855869, -1.2e-05, 0.0, 0.0, 0.0, 1.0],
                [0.960245, 0.220182, -0.171604, 0.124994, 0.277016, -0.82755, 0.488286, -0.002831, -0.034499, -0.516412, -0.855645, -1.2e-05, 0.0, 0.0, 0.0, 1.0],
                [0.960238, 0.220152, -0.171687, 0.124994, 0.277046, -0.827347, 0.488613, -0.002831, -0.034475, -0.51675, -0.855442, -1.2e-05, 0.0, 0.0, 0.0, 1.0],
                [0.960231, 0.220125, -0.17176, 0.124994, 0.277073, -0.827165, 0.488905, -0.002831, -0.034454, -0.517052, -0.85526, -1.2e-05, 0.0, 0.0, 0.0, 1.0],
                [0.960225, 0.220101, -0.171826, 0.124994, 0.277097, -0.827005, 0.489162, -0.002831, -0.034435, -0.517318, -0.8551, -1.2e-05, 0.0, 0.0, 0.0, 1.0],
                [0.960219, 0.220081, -0.171882, 0.124994, 0.277118, -0.826866, 0.489385, -0.002831, -0.034419, -0.517549, -0.854961, -1.2e-05, 0.0, 0.0, 0.0, 1.0],
                [0.960215, 0.220063, -0.171929, 0.124994, 0.277135, -0.826749, 0.489573, -0.002831, -0.034406, -0.517743, -0.854844, -1.2e-05, 0.0, 0.0, 0.0, 1.0],
                [0.960211, 0.220049, -0.171968, 0.124994, 0.277149, -0.826654, 0.489726, -0.002831, -0.034394, -0.517901, -0.854749, -1.2e-05, 0.0, 0.0, 0.0, 1.0],
                [0.960208, 0.220038, -0.171998, 0.124994, 0.27716, -0.82658, 0.489845, -0.002831, -0.034386, -0.518024, -0.854675, -1.2e-05, 0.0, 0.0, 0.0, 1.0],
                [0.960206, 0.22003, -0.17202, 0.124994, 0.277168, -0.826527, 0.489929, -0.002831, -0.03438, -0.518111, -0.854622, -1.2e-05, 0.0, 0.0, 0.0, 1.0],
                [0.960205, 0.220026, -0.172032, 0.124994, 0.277173, -0.826496, 0.489979, -0.002831, -0.034376, -0.518162, -0.854591, -1.2e-05, 0.0, 0.0, 0.0, 1.0],
                [0.960204, 0.220024, -0.172036, 0.124994, 0.277174, -0.826486, 0.489995, -0.002831, -0.034375, -0.51818, -0.854581, -1.2e-05, 0.0, 0.0, 0.0, 1.0],
                [0.960205, 0.220026, -0.172032, 0.124994, 0.277173, -0.826496, 0.489979, -0.002831, -0.034376, -0.518162, -0.854591, -1.2e-05, 0.0, 0.0, 0.0, 1.0],
                [0.960206, 0.22003, -0.17202, 0.124994, 0.277168, -0.826527, 0.489929, -0.002831, -0.03438, -0.518111, -0.854622, -1.2e-05, 0.0, 0.0, 0.0, 1.0],
                [0.960208, 0.220038, -0.171998, 0.124994, 0.27716, -0.82658, 0.489845, -0.002831, -0.034386, -0.518024, -0.854675, -1.2e-05, 0.0, 0.0, 0.0, 1.0],
                [0.960211, 0.220049, -0.171968, 0.124994, 0.277149, -0.826654, 0.489726, -0.002831, -0.034394, -0.517901, -0.854749, -1.2e-05, 0.0, 0.0, 0.0, 1.0],
                [0.960215, 0.220063, -0.171929, 0.124994, 0.277135, -0.826749, 0.489573, -0.002831, -0.034406, -0.517743, -0.854844, -1.2e-05, 0.0, 0.0, 0.0, 1.0],
                [0.960219, 0.220081, -0.171882, 0.124994, 0.277118, -0.826866, 0.489385, -0.002831, -0.034419, -0.517549, -0.854961, -1.2e-05, 0.0, 0.0, 0.0, 1.0],
                [0.960225, 0.220101, -0.171826, 0.124994, 0.277097, -0.827005, 0.489162, -0.002831, -0.034435, -0.517318, -0.8551, -1.2e-05, 0.0, 0.0, 0.0, 1.0],
                [0.960231, 0.220125, -0.17176, 0.124994, 0.277073, -0.827165, 0.488905, -0.002831, -0.034454, -0.517052, -0.85526, -1.2e-05, 0.0, 0.0, 0.0, 1.0],
                [0.960238, 0.220152, -0.171687, 0.124994, 0.277046, -0.827347, 0.488613, -0.002831, -0.034475, -0.51675, -0.855442, -1.2e-05, 0.0, 0.0, 0.0, 1.0],
                [0.960245, 0.220182, -0.171604, 0.124994, 0.277016, -0.82755, 0.488286, -0.002831, -0.034499, -0.516412, -0.855645, -1.2e-05, 0.0, 0.0, 0.0, 1.0],
                [0.960254, 0.220216, -0.171513, 0.124994, 0.276983, -0.827774, 0.487925, -0.002831, -0.034525, -0.516039, -0.855869, -1.2e-05, 0.0, 0.0, 0.0, 1.0],
                [0.960264, 0.220252, -0.171413, 0.124994, 0.276947, -0.828019, 0.48753, -0.002831, -0.034553, -0.515629, -0.856115, -1.2e-05, 0.0, 0.0, 0.0, 1.0],
                [0.960274, 0.220292, -0.171304, 0.124994, 0.276907, -0.828284, 0.487101, -0.002831, -0.034584, -0.515186, -0.856381, -1.2e-05, 0.0, 0.0, 0.0, 1.0],
                [0.960285, 0.220335, -0.171187, 0.124994, 0.276865, -0.82857, 0.486639, -0.002831, -0.034617, -0.514708, -0.856667, -1.2e-05, 0.0, 0.0, 0.0, 1.0],
                [0.960297, 0.220381, -0.171062, 0.124994, 0.27682, -0.828876, 0.486144, -0.002831, -0.034652, -0.514196, -0.856973, -1.2e-05, 0.0, 0.0, 0.0, 1.0],
                [0.960309, 0.22043, -0.170929, 0.124994, 0.276772, -0.829201, 0.485616, -0.002831, -0.03469, -0.51365, -0.857298, -1.2e-05, 0.0, 0.0, 0.0, 1.0],
                [0.960322, 0.220481, -0.170788, 0.124994, 0.276721, -0.829545, 0.485058, -0.002831, -0.03473, -0.513073, -0.857642, -1.2e-05, 0.0, 0.0, 0.0, 1.0],
                [0.960336, 0.220536, -0.170639, 0.124994, 0.276667, -0.829906, 0.48447, -0.002831, -0.034771, -0.512464, -0.858004, -1.2e-05, 0.0, 0.0, 0.0, 1.0],
                [0.960351, 0.220593, -0.170483, 0.124994, 0.276611, -0.830285, 0.483853, -0.002831, -0.034815, -0.511826, -0.858384, -1.2e-05, 0.0, 0.0, 0.0, 1.0],
                [0.960366, 0.220653, -0.17032, 0.124994, 0.276553, -0.83068, 0.483207, -0.002831, -0.03486, -0.511159, -0.858779, -1.2e-05, 0.0, 0.0, 0.0, 1.0],
                [0.960382, 0.220715, -0.170151, 0.124994, 0.276492, -0.83109, 0.482536, -0.002831, -0.034907, -0.510464, -0.85919, -1.2e-05, 0.0, 0.0, 0.0, 1.0],
                [0.960398, 0.22078, -0.169975, 0.124994, 0.27643, -0.831515, 0.48184, -0.002831, -0.034956, -0.509745, -0.859615, -1.2e-05, 0.0, 0.0, 0.0, 1.0],
                [0.960415, 0.220847, -0.169793, 0.124994, 0.276365, -0.831952, 0.481121, -0.002831, -0.035006, -0.509001, -0.860054, -1.2e-05, 0.0, 0.0, 0.0, 1.0],
                [0.960432, 0.220916, -0.169607, 0.124994, 0.276299, -0.832402, 0.480381, -0.002831, -0.035057, -0.508236, -0.860504, -1.2e-05, 0.0, 0.0, 0.0, 1.0],
                [0.960449, 0.220986, -0.169415, 0.124994, 0.276231, -0.832862, 0.479622, -0.002831, -0.03511, -0.507451, -0.860965, -1.2e-05, 0.0, 0.0, 0.0, 1.0],
                [0.960467, 0.221058, -0.169219, 0.124994, 0.276162, -0.833331, 0.478846, -0.002831, -0.035163, -0.506648, -0.861436, -1.2e-05, 0.0, 0.0, 0.0, 1.0],
                [0.960486, 0.221145, -0.168999, 0.124994, 0.276089, -0.833856, 0.477975, -0.002831, -0.035219, -0.505747, -0.861963, -1.2e-05, 0.0, 0.0, 0.0, 1.0],
                [0.960505, 0.221219, -0.168797, 0.124994, 0.276018, -0.834337, 0.477175, -0.002831, -0.035273, -0.50492, -0.862445, -1.2e-05, 0.0, 0.0, 0.0, 1.0],
                [0.960523, 0.221294, -0.168593, 0.124994, 0.275947, -0.834823, 0.476366, -0.002831, -0.035328, -0.504084, -0.862932, -1.2e-05, 0.0, 0.0, 0.0, 1.0],
                [0.960542, 0.22137, -0.168388, 0.124994, 0.275875, -0.835311, 0.475551, -0.002831, -0.035384, -0.50324, -0.863422, -1.2e-05, 0.0, 0.0, 0.0, 1.0],
                [0.96056, 0.221446, -0.168181, 0.124994, 0.275803, -0.835801, 0.474731, -0.002831, -0.035439, -0.502393, -0.863913, -1.2e-05, 0.0, 0.0, 0.0, 1.0],
                [0.960579, 0.221522, -0.167975, 0.124994, 0.275731, -0.83629, 0.47391, -0.002831, -0.035494, -0.501544, -0.864404, -1.2e-05, 0.0, 0.0, 0.0, 1.0],
                [0.960598, 0.221598, -0.167768, 0.124994, 0.27566, -0.836778, 0.47309, -0.002831, -0.035549, -0.500696, -0.864893, -1.2e-05, 0.0, 0.0, 0.0, 1.0],
                [0.960616, 0.221674, -0.167563, 0.124994, 0.275589, -0.837262, 0.472275, -0.002831, -0.035603, -0.499854, -0.865378, -1.2e-05, 0.0, 0.0, 0.0, 1.0],
                [0.960634, 0.221749, -0.16736, 0.124994, 0.275519, -0.83774, 0.471467, -0.002831, -0.035657, -0.499018, -0.865858, -1.2e-05, 0.0, 0.0, 0.0, 1.0],
                [0.960652, 0.221823, -0.167159, 0.124994, 0.27545, -0.838211, 0.470669, -0.002831, -0.035709, -0.498193, -0.866331, -1.2e-05, 0.0, 0.0, 0.0, 1.0],
                [0.960669, 0.221896, -0.166962, 0.124994, 0.275382, -0.838674, 0.469883, -0.002831, -0.035761, -0.497381, -0.866795, -1.2e-05, 0.0, 0.0, 0.0, 1.0],
                [0.960687, 0.221968, -0.166768, 0.124994, 0.275316, -0.839127, 0.469113, -0.002831, -0.035811, -0.496584, -0.86725, -1.2e-05, 0.0, 0.0, 0.0, 1.0],
                [0.960703, 0.222038, -0.166579, 0.124994, 0.275251, -0.839569, 0.46836, -0.002831, -0.035861, -0.495806, -0.867693, -1.2e-05, 0.0, 0.0, 0.0, 1.0],
                [0.960719, 0.222106, -0.166394, 0.124994, 0.275189, -0.839997, 0.467628, -0.002831, -0.035908, -0.495049, -0.868123, -1.2e-05, 0.0, 0.0, 0.0, 1.0],
                [0.960735, 0.222172, -0.166216, 0.124994, 0.275128, -0.840412, 0.466918, -0.002831, -0.035954, -0.494315, -0.868539, -1.2e-05, 0.0, 0.0, 0.0, 1.0],
                [0.96075, 0.222236, -0.166044, 0.124994, 0.27507, -0.840811, 0.466234, -0.002831, -0.035998, -0.493608, -0.868939, -1.2e-05, 0.0, 0.0, 0.0, 1.0],
                [0.960764, 0.222297, -0.165879, 0.124994, 0.275014, -0.841193, 0.465576, -0.002831, -0.03604, -0.492928, -0.869323, -1.2e-05, 0.0, 0.0, 0.0, 1.0],
                [0.960778, 0.222355, -0.165721, 0.124994, 0.274961, -0.841558, 0.464947, -0.002831, -0.03608, -0.492278, -0.86969, -1.2e-05, 0.0, 0.0, 0.0, 1.0],
                [0.960791, 0.222411, -0.165571, 0.124994, 0.274911, -0.841905, 0.464349, -0.002831, -0.036119, -0.49166, -0.870038, -1.2e-05, 0.0, 0.0, 0.0, 1.0],
                [0.960803, 0.222464, -0.165428, 0.124994, 0.274863, -0.842234, 0.46378, -0.002831, -0.036155, -0.491071, -0.870369, -1.2e-05, 0.0, 0.0, 0.0, 1.0],
                [0.960815, 0.222514, -0.165294, 0.124994, 0.274818, -0.842543, 0.463245, -0.002831, -0.036188, -0.490518, -0.870679, -1.2e-05, 0.0, 0.0, 0.0, 1.0],
                [0.960826, 0.222561, -0.165168, 0.124994, 0.274776, -0.842831, 0.462745, -0.002831, -0.03622, -0.490002, -0.870969, -1.2e-05, 0.0, 0.0, 0.0, 1.0],
                [0.960835, 0.222604, -0.165052, 0.124994, 0.274738, -0.843098, 0.462283, -0.002831, -0.036249, -0.489524, -0.871236, -1.2e-05, 0.0, 0.0, 0.0, 1.0],
                [0.960845, 0.222644, -0.164945, 0.124994, 0.274703, -0.843342, 0.461858, -0.002831, -0.036275, -0.489085, -0.871482, -1.2e-05, 0.0, 0.0, 0.0, 1.0],
                [0.960853, 0.22268, -0.164848, 0.124994, 0.27467, -0.843564, 0.461471, -0.002831, -0.036299, -0.488685, -0.871705, -1.2e-05, 0.0, 0.0, 0.0, 1.0],
                [0.96086, 0.222713, -0.164761, 0.124994, 0.274642, -0.843763, 0.461125, -0.002831, -0.036321, -0.488327, -0.871904, -1.2e-05, 0.0, 0.0, 0.0, 1.0],
                [0.960867, 0.222741, -0.164684, 0.124994, 0.274616, -0.843938, 0.460818, -0.002831, -0.03634, -0.48801, -0.872081, -1.2e-05, 0.0, 0.0, 0.0, 1.0],
                [0.960872, 0.222766, -0.164618, 0.124994, 0.274594, -0.844091, 0.460552, -0.002831, -0.036357, -0.487735, -0.872234, -1.2e-05, 0.0, 0.0, 0.0, 1.0],
                [0.960877, 0.222788, -0.164561, 0.124994, 0.274576, -0.84422, 0.460327, -0.002831, -0.036371, -0.487502, -0.872364, -1.2e-05, 0.0, 0.0, 0.0, 1.0],
                [0.960881, 0.222805, -0.164515, 0.124994, 0.27456, -0.844325, 0.460143, -0.002831, -0.036382, -0.487312, -0.87247, -1.2e-05, 0.0, 0.0, 0.0, 1.0],
                [0.960884, 0.222818, -0.164479, 0.124994, 0.274549, -0.844407, 0.46, -0.002831, -0.036391, -0.487164, -0.872552, -1.2e-05, 0.0, 0.0, 0.0, 1.0],
                [0.960886, 0.222828, -0.164453, 0.124994, 0.27454, -0.844465, 0.459898, -0.002831, -0.036397, -0.487059, -0.872611, -1.2e-05, 0.0, 0.0, 0.0, 1.0],
                [0.960888, 0.222833, -0.164438, 0.124994, 0.274535, -0.8445, 0.459837, -0.002831, -0.036401, -0.486996, -0.872646, -1.2e-05, 0.0, 0.0, 0.0, 1.0],
                [0.960888, 0.222835, -0.164433, 0.124994, 0.274534, -0.844512, 0.459817, -0.002831, -0.036402, -0.486975, -0.872657, -1.2e-05, 0.0, 0.0, 0.0, 1.0]
            ]
        },
        {
            "name": "Leg_R",
            "time": [0.0, 0.0167, 0.0333, 0.05, 0.0667, 0.0833, 0.1, 0.1167, 0.1333, 0.15, 0.1667, 0.1833, 0.2, 0.2167, 0.2333, 0.25, 0.2667, 0.2833, 0.3, 0.3167, 0.3333, 0.35, 0.3667, 0.3833, 0.4, 0.4167, 0.4333, 0.45, 0.4667, 0.4833, 0.5, 0.5167, 0.5333, 0.55, 0.5667, 0.5833, 0.6, 0.6167, 0.6333, 0.65, 0.6667, 0.6833, 0.7, 0.7167, 0.7333, 0.75, 0.7667, 0.7833, 0.8, 0.8167, 0.8333, 0.85, 0.8667, 0.8833, 0.9, 0.9167, 0.9333, 0.95, 0.9667, 0.9833, 1.0, 1.0167, 1.0333, 1.05, 1.0667, 1.0833, 1.1, 1.1167, 1.1333, 1.15, 1.1667, 1.1833, 1.2, 1.2167, 1.2333, 1.25, 1.2667, 1.2833, 1.3, 1.3167, 1.3333, 1.35, 1.3667, 1.3833, 1.4, 1.4167, 1.4333, 1.45, 1.4667, 1.4833, 1.5, 1.5167, 1.5333, 1.55, 1.5667, 1.5833, 1.6, 1.6167, 1.6333, 1.65, 1.6667, 1.6833, 1.7, 1.7167, 1.7333, 1.75, 1.7667, 1.7833, 1.8, 1.8167, 1.8333, 1.85, 1.8667, 1.8833, 1.9, 1.9167, 1.9333, 1.95, 1.9667, 1.9833, 2.0],
            "transform": [
                [0.999905, -0.013517, -0.002705, 0.0, 0.013559, 0.92908, 0.36963, 0.374721, -0.002483, -0.369632, 0.929176, 0.0, 0.0, 0.0, 0.0, 1.0],
                [0.999905, -0.013519, -0.002706, 0.0, 0.013561, 0.929063, 0.369674, 0.374721, -0.002484, -0.369675, 0.929158, -0.0, 0.0, 0.0, 0.0, 1.0],
                [0.999905, -0.013523, -0.002708, -0.0, 0.013566, 0.92901, 0.369806, 0.374721, -0.002486, -0.369807, 0.929106, 0.0, 0.0, 0.0, 0.0, 1.0],
                [0.999905, -0.013531, -0.002711, 0.0, 0.013574, 0.928922, 0.370027, 0.374721, -0.002489, -0.370029, 0.929018, -0.0, 0.0, 0.0, 0.0, 1.0],
                [0.999905, -0.013543, -0.002715, 0.0, 0.013585, 0.928799, 0.370336, 0.374721, -0.002493, -0.370337, 0.928895, -0.0, 0.0, 0.0, 0.0, 1.0],
                [0.999904, -0.013557, -0.002721, 0.0, 0.0136, 0.92864, 0.370734, 0.374721, -0.002499, -0.370736, 0.928736, 0.0, 0.0, 0.0, 0.0, 1.0],
                [0.999904, -0.013575, -0.002728, 0.0, 0.013618, 0.928445, 0.371222, 0.374721, -0.002506, -0.371223, 0.928541, -0.0, 0.0, 0.0, 0.0, 1.0],
                [0.999904, -0.013596, -0.002737, 0.0, 0.013639, 0.928214, 0.371797, 0.374721, -0.002515, -0.371799, 0.92831, 0.0, 0.0, 0.0, 0.0, 1.0],
