{
    "animation": [
        {
            "name": "Root",
            "time": [0.0, 0.0167, 0.0333, 0.05, 0.0667, 0.0833, 0.1, 0.1167, 0.1333, 0.15, 0.1667, 0.1833, 0.2, 0.2167, 0.2333, 0.25, 0.2667, 0.2833, 0.3, 0.3167, 0.3333, 0.35, 0.3667, 0.3833, 0.4, 0.4167, 0.4333, 0.45, 0.4667, 0.4833, 0.5, 0.5167, 0.5333, 0.55, 0.5667, 0.5833, 0.6, 0.6167, 0.6333],
            "transform": [
                [1.0, 0.0, -0.0, -5e-06, -0.0, 0.230719, -0.97302, -0.038519, 0.0, 0.97302, 0.230719, 0.725053, 0.0, 0.0, 0.0, 1.0],
                [1.0, 0.0, -0.0, -5e-06, -0.0, 0.209792, -0.977746, -0.037473, 0.0, 0.977746, 0.209792, 0.724817, 0.0, 0.0, 0.0, 1.0],
                [1.0, 0.0, -0.0, -5e-06, -0.0, 0.148248, -0.98895, -0.034396, 0.0, 0.98895, 0.148248, 0.724256, 0.0, 0.0, 0.0, 1.0],
                [1.0, 0.0, -0.0, -5e-06, -0.0, 0.058493, -0.998288, -0.029908, 0.0, 0.998288, 0.058493, 0.72379, 0.0, 0.0, 0.0, 1.0],
                [1.0, 0.0, -0.0, -5e-06, -0.0, -0.032374, -0.999476, -0.025364, -0.0, 0.999476, -0.032374, 0.72373, 0.0, 0.0, 0.0, 1.0],
                [1.0, 0.0, -0.0, -5e-06, -0.0, -0.096542, -0.995329, -0.022156, -0.0, 0.995329, -0.096542, 0.723937, 0.0, 0.0, 0.0, 1.0],
                [1.0, 0.0, -0.0, -5e-06, -0.0, -0.120371, -0.992729, -0.020965, -0.0, 0.992729, -0.120371, 0.724067, 0.0, 0.0, 0.0, 1.0],
                [1.0, 0.0, -0.0, -5e-06, -0.0, -0.123086, -0.992396, -0.020829, -0.0, 0.992396, -0.123086, 0.724084, 0.0, 0.0, 0.0, 1.0],
                [1.0, 0.0, -0.0, -5e-06, -0.0, -0.12569, -0.99207, -0.020699, -0.0, 0.99207, -0.12569, 0.7241, 0.0, 0.0, 0.0, 1.0],
                [1.0, 0.0, -0.0, -5e-06, -0.0, -0.128179, -0.991751, -0.020574, -0.0, 0.991751, -0.128179, 0.724116, 0.0, 0.0, 0.0, 1.0],
                [1.0, 0.0, -0.0, -5e-06, -0.0, -0.130549, -0.991442, -0.020456, -0.0, 0.991442, -0.130549, 0.724132, 0.0, 0.0, 0.0, 1.0],
                [1.0, 0.0, -0.0, -5e-06, -0.0, -0.132796, -0.991143, -0.020343, -0.0, 0.991143, -0.132796, 0.724147, 0.0, 0.0, 0.0, 1.0],
                [1.0, 0.0, -0.0, -5e-06, -0.0, -0.134916, -0.990857, -0.020237, -0.0, 0.990857, -0.134916, 0.724161, 0.0, 0.0, 0.0, 1.0],
                [1.0, 0.0, -0.0, -5e-06, -0.0, -0.136907, -0.990584, -0.020138, -0.0, 0.990584, -0.136907, 0.724175, 0.0, 0.0, 0.0, 1.0],
                [1.0, 0.0, -0.0, -5e-06, -0.0, -0.138766, -0.990325, -0.020045, -0.0, 0.990325, -0.138766, 0.724188, 0.0, 0.0, 0.0, 1.0],
                [1.0, 0.0, -0.0, -5e-06, -0.0, -0.140491, -0.990082, -0.019959, -0.0, 0.990082, -0.140491, 0.7242, 0.0, 0.0, 0.0, 1.0],
                [1.0, 0.0, -0.0, -5e-06, -0.0, -0.142083, -0.989855, -0.019879, -0.0, 0.989855, -0.142083, 0.724211, 0.0, 0.0, 0.0, 1.0],
                [1.0, 0.0, -0.0, -5e-06, -0.0, -0.143541, -0.989644, -0.019806, -0.0, 0.989644, -0.143541, 0.724222, 0.0, 0.0, 0.0, 1.0],
                [1.0, 0.0, -0.0, -5e-06, -0.0, -0.144868, -0.989451, -0.01974, -0.0, 0.989451, -0.144868, 0.724231, 0.0, 0.0, 0.0, 1.0],
                [1.0, 0.0, -0.0, -5e-06, -0.0, -0.146065, -0.989275, -0.01968, -0.0, 0.989275, -0.146065, 0.72424, 0.0, 0.0, 0.0, 1.0],
                [1.0, 0.0, -0.0, -5e-06, -0.0, -0.147137, -0.989116, -0.019626, -0.0, 0.989116, -0.147137, 0.724248, 0.0, 0.0, 0.0, 1.0],
                [1.0, 0.0, -0.0, -5e-06, -0.0, -0.148087, -0.988974, -0.019579, -0.0, 0.988974, -0.148087, 0.724255, 0.0, 0.0, 0.0, 1.0],
                [1.0, 0.0, -0.0, -5e-06, -0.0, -0.148922, -0.988849, -0.019537, -0.0, 0.988849, -0.148922, 0.724261, 0.0, 0.0, 0.0, 1.0],
                [1.0, 0.0, -0.0, -5e-06, -0.0, -0.149648, -0.988739, -0.019501, -0.0, 0.988739, -0.149648, 0.724267, 0.0, 0.0, 0.0, 1.0],
                [1.0, 0.0, -0.0, -5e-06, -0.0, -0.150272, -0.988645, -0.019469, -0.0, 0.988645, -0.150272, 0.724272, 0.0, 0.0, 0.0, 1.0],
                [1.0, 0.0, -0.0, -5e-06, -0.0, -0.150803, -0.988564, -0.019443, -0.0, 0.988564, -0.150803, 0.724276, 0.0, 0.0, 0.0, 1.0],
                [1.0, 0.0, -0.0, -5e-06, -0.0, -0.151247, -0.988496, -0.019421, -0.0, 0.988496, -0.151247, 0.724279, 0.0, 0.0, 0.0, 1.0],
                [1.0, 0.0, -0.0, -5e-06, -0.0, -0.151613, -0.98844, -0.019402, -0.0, 0.98844, -0.151613, 0.724282, 0.0, 0.0, 0.0, 1.0],
                [1.0, 0.0, -0.0, -5e-06, -0.0, -0.15191, -0.988394, -0.019388, -0.0, 0.988394, -0.15191, 0.724284, 0.0, 0.0, 0.0, 1.0],
                [1.0, 0.0, -0.0, -5e-06, -0.0, -0.152146, -0.988358, -0.019376, -0.0, 0.988358, -0.152146, 0.724286, 0.0, 0.0, 0.0, 1.0],
                [1.0, 0.0, -0.0, -5e-06, -0.0, -0.152329, -0.98833, -0.019367, -0.0, 0.98833, -0.152329, 0.724287, 0.0, 0.0, 0.0, 1.0],
                [1.0, 0.0, -0.0, -5e-06, -0.0, -0.152467, -0.988309, -0.01936, -0.0, 0.988309, -0.152467, 0.724289, 0.0, 0.0, 0.0, 1.0],
                [1.0, 0.0, -0.0, -5e-06, -0.0, -0.152567, -0.988293, -0.019355, -0.0, 0.988293, -0.152567, 0.724289, 0.0, 0.0, 0.0, 1.0],
                [1.0, 0.0, -0.0, -5e-06, -0.0, -0.152636, -0.988282, -0.019351, -0.0, 0.988282, -0.152636, 0.72429, 0.0, 0.0, 0.0, 1.0],
                [1.0, 0.0, -0.0, -5e-06, -0.0, -0.152681, -0.988276, -0.019349, -0.0, 0.988276, -0.152681, 0.72429, 0.0, 0.0, 0.0, 1.0],
                [1.0, 0.0, -0.0, -5e-06, -0.0, -0.152707, -0.988271, -0.019348, -0.0, 0.988271, -0.152707, 0.72429, 0.0, 0.0, 0.0, 1.0],
                [1.0, 0.0, -0.0, -5e-06, -0.0, -0.15272, -0.98827, -0.019347, -0.0, 0.98827, -0.15272, 0.72429, 0.0, 0.0, 0.0, 1.0],
                [1.0, 0.0, -0.0, -5e-06, -0.0, -0.152725, -0.988269, -0.019347, -0.0, 0.988269, -0.152725, 0.72429, 0.0, 0.0, 0.0, 1.0],
                [1.0, 0.0, -0.0, -5e-06, -0.0, -0.152725, -0.988269, -0.019347, -0.0, 0.988269, -0.152725, 0.72429, 0.0, 0.0, 0.0, 1.0]
            ]
        },
        {
            "name": "Thigh_R",
            "time": [0.0, 0.0167, 0.0333, 0.05, 0.0667, 0.0833, 0.1, 0.1167, 0.1333, 0.15, 0.1667, 0.1833, 0.2, 0.2167, 0.2333, 0.25, 0.2667, 0.2833, 0.3, 0.3167, 0.3333, 0.35, 0.3667, 0.3833, 0.4, 0.4167, 0.4333, 0.45, 0.4667, 0.4833, 0.5, 0.5167, 0.5333, 0.55, 0.5667, 0.5833, 0.6, 0.6167, 0.6333],
            "transform": [
                [0.960888, 0.222835, -0.164433, 0.124994, 0.274534, -0.844512, 0.459817, -0.002831, -0.036402, -0.486975, -0.872657, -1.2e-05, 0.0, 0.0, 0.0, 1.0],
                [0.96088, 0.222697, -0.164667, 0.124994, 0.273716, -0.85434, 0.441794, -0.002831, -0.042296, -0.469583, -0.881875, -1.2e-05, 0.0, 0.0, 0.0, 1.0],
                [0.960876, 0.222395, -0.1651, 0.124994, 0.270531, -0.881425, 0.387172, -0.002831, -0.059418, -0.416689, -0.907105, -1.2e-05, 0.0, 0.0, 0.0, 1.0],
                [0.960918, 0.222194, -0.165123, 0.124994, 0.263842, -0.915641, 0.303295, -0.002831, -0.083803, -0.335008, -0.938481, -1.2e-05, 0.0, 0.0, 0.0, 1.0],
                [0.961017, 0.222238, -0.164488, 0.124994, 0.254638, -0.943206, 0.213358, -0.002831, -0.10773, -0.246925, -0.963027, -1.2e-05, 0.0, 0.0, 0.0, 1.0],
                [0.961119, 0.222406, -0.163661, 0.124994, 0.246661, -0.95792, 0.146792, -0.002831, -0.124126, -0.181454, -0.975534, -1.2e-05, 0.0, 0.0, 0.0, 1.0],
                [0.961164, 0.222496, -0.163274, 0.124994, 0.243385, -0.962299, 0.121423, -0.002831, -0.130102, -0.156446, -0.97908, -1.2e-05, 0.0, 0.0, 0.0, 1.0],
                [0.96117, 0.222507, -0.163227, 0.124994, 0.243001, -0.96276, 0.11851, -0.002831, -0.130779, -0.153573, -0.979445, -1.2e-05, 0.0, 0.0, 0.0, 1.0],
                [0.961175, 0.222518, -0.163181, 0.124994, 0.24263, -0.963193, 0.11571, -0.002831, -0.131428, -0.150811, -0.979787, -1.2e-05, 0.0, 0.0, 0.0, 1.0],
                [0.96118, 0.222528, -0.163138, 0.124994, 0.242274, -0.963601, 0.113032, -0.002831, -0.132047, -0.148168, -0.980107, -1.2e-05, 0.0, 0.0, 0.0, 1.0],
                [0.961185, 0.222539, -0.163095, 0.124994, 0.241933, -0.963982, 0.110478, -0.002831, -0.132635, -0.145648, -0.980405, -1.2e-05, 0.0, 0.0, 0.0, 1.0],
                [0.961189, 0.222549, -0.163055, 0.124994, 0.241608, -0.964339, 0.108054, -0.002831, -0.133193, -0.143256, -0.980682, -1.2e-05, 0.0, 0.0, 0.0, 1.0],
                [0.961194, 0.222558, -0.163016, 0.124994, 0.2413, -0.96467, 0.105762, -0.002831, -0.133719, -0.140994, -0.980938, -1.2e-05, 0.0, 0.0, 0.0, 1.0],
                [0.961198, 0.222567, -0.16298, 0.124994, 0.24101, -0.964976, 0.10361, -0.002831, -0.134212, -0.138869, -0.981174, -1.2e-05, 0.0, 0.0, 0.0, 1.0],
                [0.961202, 0.222575, -0.162945, 0.124994, 0.240738, -0.965258, 0.101596, -0.002831, -0.134672, -0.136881, -0.98139, -1.2e-05, 0.0, 0.0, 0.0, 1.0],
                [0.961205, 0.222583, -0.162913, 0.124994, 0.240484, -0.965516, 0.099724, -0.002831, -0.135098, -0.135034, -0.981587, -1.2e-05, 0.0, 0.0, 0.0, 1.0],
                [0.961209, 0.222591, -0.162883, 0.124994, 0.240249, -0.965752, 0.097998, -0.002831, -0.135492, -0.133329, -0.981767, -1.2e-05, 0.0, 0.0, 0.0, 1.0],
                [0.961212, 0.222598, -0.162856, 0.124994, 0.240033, -0.965965, 0.096413, -0.002831, -0.135852, -0.131764, -0.981928, -1.2e-05, 0.0, 0.0, 0.0, 1.0],
                [0.961215, 0.222604, -0.162831, 0.124994, 0.239837, -0.966156, 0.094971, -0.002831, -0.136179, -0.130341, -0.982073, -1.2e-05, 0.0, 0.0, 0.0, 1.0],
                [0.961217, 0.22261, -0.162808, 0.124994, 0.239659, -0.966328, 0.093669, -0.002831, -0.136474, -0.129054, -0.982202, -1.2e-05, 0.0, 0.0, 0.0, 1.0],
                [0.961219, 0.222615, -0.162787, 0.124994, 0.239499, -0.96648, 0.092503, -0.002831, -0.136738, -0.127903, -0.982315, -1.2e-05, 0.0, 0.0, 0.0, 1.0],
                [0.961221, 0.222619, -0.162769, 0.124994, 0.239357, -0.966614, 0.091467, -0.002831, -0.136972, -0.12688, -0.982415, -1.2e-05, 0.0, 0.0, 0.0, 1.0],
                [0.961223, 0.222623, -0.162753, 0.124994, 0.239232, -0.96673, 0.090557, -0.002831, -0.137178, -0.125981, -0.982502, -1.2e-05, 0.0, 0.0, 0.0, 1.0],
                [0.961225, 0.222627, -0.162739, 0.124994, 0.239123, -0.966831, 0.089766, -0.002831, -0.137356, -0.1252, -0.982578, -1.2e-05, 0.0, 0.0, 0.0, 1.0],
                [0.961226, 0.22263, -0.162726, 0.124994, 0.239029, -0.966917, 0.089084, -0.002831, -0.13751, -0.124527, -0.982641, -1.2e-05, 0.0, 0.0, 0.0, 1.0],
                [0.961227, 0.222632, -0.162716, 0.124994, 0.23895, -0.96699, 0.088507, -0.002831, -0.13764, -0.123956, -0.982695, -1.2e-05, 0.0, 0.0, 0.0, 1.0],
                [0.961228, 0.222634, -0.162708, 0.124994, 0.238883, -0.967051, 0.088022, -0.002831, -0.13775, -0.123478, -0.98274, -1.2e-05, 0.0, 0.0, 0.0, 1.0],
                [0.961229, 0.222636, -0.1627, 0.124994, 0.238827, -0.9671, 0.087622, -0.002831, -0.13784, -0.123082, -0.982777, -1.2e-05, 0.0, 0.0, 0.0, 1.0],
                [0.96123, 0.222638, -0.162694, 0.124994, 0.238783, -0.967141, 0.087297, -0.002831, -0.137913, -0.122762, -0.982807, -1.2e-05, 0.0, 0.0, 0.0, 1.0],
                [0.96123, 0.222639, -0.16269, 0.124994, 0.238747, -0.967173, 0.087039, -0.002831, -0.137971, -0.122507, -0.982831, -1.2e-05, 0.0, 0.0, 0.0, 1.0],
                [0.961231, 0.22264, -0.162686, 0.124994, 0.23872, -0.967197, 0.08684, -0.002831, -0.138016, -0.12231, -0.982849, -1.2e-05, 0.0, 0.0, 0.0, 1.0],
                [0.961231, 0.222641, -0.162684, 0.124994, 0.238699, -0.967216, 0.086689, -0.002831, -0.13805, -0.122161, -0.982862, -1.2e-05, 0.0, 0.0, 0.0, 1.0],
                [0.961231, 0.222641, -0.162682, 0.124994, 0.238684, -0.96723, 0.08658, -0.002831, -0.138074, -0.122053, -0.982872, -1.2e-05, 0.0, 0.0, 0.0, 1.0],
                [0.961231, 0.222641, -0.16268, 0.124994, 0.238673, -0.967239, 0.086505, -0.002831, -0.138091, -0.121979, -0.982879, -1.2e-05, 0.0, 0.0, 0.0, 1.0],
                [0.961231, 0.222642, -0.162679, 0.124994, 0.238666, -0.967245, 0.086456, -0.002831, -0.138102, -0.12193, -0.982884, -1.2e-05, 0.0, 0.0, 0.0, 1.0],
                [0.961232, 0.222642, -0.162679, 0.124994, 0.238662, -0.967249, 0.086427, -0.002831, -0.138109, -0.121902, -0.982887, -1.2e-05, 0.0, 0.0, 0.0, 1.0],
                [0.961231, 0.222642, -0.162679, 0.124994, 0.23866, -0.96725, 0.086413, -0.002831, -0.138112, -0.121888, -0.982888, -1.2e-05, 0.0, 0.0, 0.0, 1.0],
                [0.961232, 0.222642, -0.162678, 0.124994, 0.23866, -0.967251, 0.086408, -0.002831, -0.138113, -0.121883, -0.982889, -1.2e-05, 0.0, 0.0, 0.0, 1.0],
                [0.961232, 0.222642, -0.162679, 0.124994, 0.23866, -0.967251, 0.086407, -0.002831, -0.138113, -0.121882, -0.982888, -1.2e-05, 0.0, 0.0, 0.0, 1.0]
            ]
        },
        {
            "name": "Leg_R",
            "time": [0.0, 0.0167, 0.0333, 0.05, 0.0667, 0.0833, 0.1, 0.1167, 0.1333, 0.15, 0.1667, 0.1833, 0.2, 0.2167, 0.2333, 0.25, 0.2667, 0.2833, 0.3, 0.3167, 0.3333, 0.35, 0.3667, 0.3833, 0.4, 0.4167, 0.4333, 0.45, 0.4667, 0.4833, 0.5, 0.5167, 0.5333, 0.55, 0.5667, 0.5833, 0.6, 0.6167, 0.6333],
            "transform": [
                [0.999905, -0.013517, -0.002705, 0.0, 0.013559, 0.92908, 0.36963, 0.374721, -0.002483, -0.369632, 0.929176, 0.0, 0.0, 0.0, 0.0, 1.0],
                [0.999903, -0.013681, -0.002771, 0.0, 0.013724, 0.927283, 0.374111, 0.374721, -0.002549, -0.374112, 0.927381, 0.0, 0.0, 0.0, 0.0, 1.0],
                [0.999897, -0.014081, -0.002935, 0.0, 0.014126, 0.922782, 0.385063, 0.374721, -0.002714, -0.385064, 0.922886, -0.0, 0.0, 0.0, 0.0, 1.0],
                [0.99989, -0.014473, -0.003101, -0.0, 0.014519, 0.918229, 0.395784, 0.374721, -0.002881, -0.395786, 0.918338, 0.0, 0.0, 0.0, 0.0, 1.0],
                [0.999887, -0.014663, -0.003184, -0.0, 0.014709, 0.915972, 0.400973, 0.374721, -0.002963, -0.400975, 0.916084, 0.0, 0.0, 0.0, 0.0, 1.0],
                [0.999887, -0.014678, -0.00319, -0.0, 0.014724, 0.915799, 0.401368, 0.374721, -0.00297, -0.40137, 0.915911, 0.0, 0.0, 0.0, 0.0, 1.0],
                [0.999887, -0.014658, -0.003181, 0.0, 0.014704, 0.916036, 0.400826, 0.374721, -0.002961, -0.400828, 0.916149, 0.0, 0.0, 0.0, 0.0, 1.0],
                [0.999888, -0.014655, -0.00318, -0.0, 0.014701, 0.916074, 0.400742, 0.374721, -0.00296, -0.400743, 0.916186, 0.0, 0.0, 0.0, 0.0, 1.0],
                [0.999888, -0.014651, -0.003179, -0.0, 0.014697, 0.916113, 0.400652, 0.374721, -0.002958, -0.400654, 0.916225, -0.0, 0.0, 0.0, 0.0, 1.0],
                [0.999888, -0.014648, -0.003177, -0.0, 0.014694, 0.91615, 0.400566, 0.374721, -0.002957, -0.400567, 0.916262, 0.0, 0.0, 0.0, 0.0, 1.0],
                [0.999888, -0.014645, -0.003176, -0.0, 0.014691, 0.916188, 0.400479, 0.374721, -0.002955, -0.40048, 0.9163, 0.0, 0.0, 0.0, 0.0, 1.0],
                [0.999888, -0.014642, -0.003174, 0.0, 0.014688, 0.916225, 0.400394, 0.374721, -0.002954, -0.400396, 0.916338, 0.0, 0.0, 0.0, 0.0, 1.0],
                [0.999888, -0.014639, -0.003173, -0.0, 0.014685, 0.916263, 0.400309, 0.374721, -0.002953, -0.40031, 0.916375, 0.0, 0.0, 0.0, 0.0, 1.0],
                [0.999888, -0.014636, -0.003172, -0.0, 0.014682, 0.916298, 0.400229, 0.374721, -0.002951, -0.40023, 0.91641, 0.0, 0.0, 0.0, 0.0, 1.0],
                [0.999888, -0.014633, -0.003171, 0.0, 0.014679, 0.916333, 0.400148, 0.374721, -0.00295, -0.40015, 0.916445, 0.0, 0.0, 0.0, 0.0, 1.0],
                [0.999888, -0.01463, -0.003169, 0.0, 0.014676, 0.916366, 0.400072, 0.374721, -0.002949, -0.400074, 0.916478, 0.0, 0.0, 0.0, 0.0, 1.0],
                [0.999888, -0.014628, -0.003168, -0.0, 0.014674, 0.916397, 0.400003, 0.374721, -0.002948, -0.400004, 0.916509, 0.0, 0.0, 0.0, 0.0, 1.0],
                [0.999888, -0.014625, -0.003167, -0.0, 0.014671, 0.916426, 0.399934, 0.374721, -0.002947, -0.399936, 0.916538, 0.0, 0.0, 0.0, 0.0, 1.0],
                [0.999888, -0.014623, -0.003166, 0.0, 0.014669, 0.916453, 0.399873, 0.374721, -0.002946, -0.399875, 0.916565, -0.0, 0.0, 0.0, 0.0, 1.0],
                [0.999888, -0.014621, -0.003165, 0.0, 0.014667, 0.916478, 0.399816, 0.374721, -0.002945, -0.399818, 0.91659, 0.0, 0.0, 0.0, 0.0, 1.0],
                [0.999888, -0.014619, -0.003164, 0.0, 0.014665, 0.9165, 0.399765, 0.374721, -0.002944, -0.399767, 0.916612, -0.0, 0.0, 0.0, 0.0, 1.0],
                [0.999888, -0.014617, -0.003164, -0.0, 0.014663, 0.916521, 0.399717, 0.374721, -0.002943, -0.399719, 0.916633, 0.0, 0.0, 0.0, 0.0, 1.0],
                [0.999888, -0.014616, -0.003163, 0.0, 0.014662, 0.916539, 0.399676, 0.374721, -0.002943, -0.399678, 0.916651, -0.0, 0.0, 0.0, 0.0, 1.0],
                [0.999888, -0.014614, -0.003162, -0.0, 0.01466, 0.916555, 0.39964, 0.374721, -0.002942, -0.399642, 0.916667, -0.0, 0.0, 0.0, 0.0, 1.0],
                [0.999888, -0.014613, -0.003162, 0.0, 0.014659, 0.916569, 0.399608, 0.374721, -0.002941, -0.399609, 0.916681, 0.0, 0.0, 0.0, 0.0, 1.0],
                [0.999888, -0.014612, -0.003162, 0.0, 0.014658, 0.91658, 0.399583, 0.374721, -0.002941, -0.399584, 0.916692, -0.0, 0.0, 0.0, 0.0, 1.0],
                [0.999888, -0.014611, -0.003161, -0.0, 0.014657, 0.91659, 0.39956, 0.374721, -0.002941, -0.399562, 0.916702, 0.0, 0.0, 0.0, 0.0, 1.0],
                [0.999888, -0.014611, -0.003161, 0.0, 0.014657, 0.916599, 0.39954, 0.374721, -0.00294, -0.399542, 0.91671, 0.0, 0.0, 0.0, 0.0, 1.0],
                [0.999888, -0.01461, -0.003161, -0.0, 0.014656, 0.916605, 0.399525, 0.374721, -0.00294, -0.399526, 0.916717, 0.0, 0.0, 0.0, 0.0, 1.0],
                [0.999888, -0.01461, -0.00316, -0.0, 0.014656, 0.916611, 0.399512, 0.374721, -0.00294, -0.399513, 0.916723, -0.0, 0.0, 0.0, 0.0, 1.0],
                [0.999888, -0.014609, -0.00316, 0.0, 0.014655, 0.916615, 0.399503, 0.374721, -0.00294, -0.399505, 0.916727, -0.0, 0.0, 0.0, 0.0, 1.0],
                [0.999888, -0.014609, -0.00316, 0.0, 0.014655, 0.916618, 0.399496, 0.374721, -0.00294, -0.399498, 0.91673, 0.0, 0.0, 0.0, 0.0, 1.0],
                [0.999888, -0.014609, -0.00316, -0.0, 0.014655, 0.91662, 0.399491, 0.374721, -0.00294, -0.399493, 0.916732, -0.0, 0.0, 0.0, 0.0, 1.0],
                [0.999888, -0.014609, -0.00316, 0.0, 0.014655, 0.916621, 0.399488, 0.374721, -0.002939, -0.39949, 0.916733, -0.0, 0.0, 0.0, 0.0, 1.0],
                [0.999888, -0.014609, -0.00316, 0.0, 0.014655, 0.916623, 0.399485, 0.374721, -0.002939, -0.399487, 0.916735, -0.0, 0.0, 0.0, 0.0, 1.0],
                [0.999888, -0.014609, -0.00316, 0.0, 0.014655, 0.916624, 0.399483, 0.374721, -0.002939, -0.399485, 0.916736, 0.0, 0.0, 0.0, 0.0, 1.0],
                [0.999888, -0.014609, -0.00316, 0.0, 0.014655, 0.916624, 0.399483, 0.374721, -0.002939, -0.399485, 0.916735, -0.0, 0.0, 0.0, 0.0, 1.0],
                [0.999888, -0.014609, -0.00316, -0.0, 0.014655, 0.916624, 0.399482, 0.374721, -0.002939, -0.399483, 0.916735, 0.0, 0.0, 0.0, 0.0, 1.0],
                [0.999888, -0.014609, -0.00316, 0.0, 0.014655, 0.916624, 0.399482, 0.374721, -0.002939, -0.399484, 0.916735, -0.0, 0.0, 0.0, 0.0, 1.0]
            ]
        },
        {
            "name": "Knee_R",
            "time": [0.0, 0.0167, 0.0333, 0.05, 0.0667, 0.0833, 0.1, 0.1167, 0.1333, 0.15, 0.1667, 0.1833, 0.2, 0.2167, 0.2333, 0.25, 0.2667, 0.2833, 0.3, 0.3167, 0.3333, 0.35, 0.3667, 0.3833, 0.4, 0.4167, 0.4333, 0.45, 0.4667, 0.4833, 0.5, 0.5167, 0.5333, 0.55, 0.5667, 0.5833, 0.6, 0.6167, 0.6333],
            "transform": [
                [1.0, -5.7e-05, 5.7e-05, 0.0, 5.7e-05, 0.001565, -0.999999, 0.374721, 5.7e-05, 0.999999, 0.001565, 0.0, 0.0, 0.0, 0.0, 1.0],
                [1.0, -5.7e-05, 5.7e-05, -0.0, 5.7e-05, 0.001565, -0.999999, 0.374721, 5.7e-05, 0.999999, 0.001565, 0.0, 0.0, 0.0, 0.0, 1.0],
                [1.0, -5.7e-05, 5.7e-05, 0.0, 5.7e-05, 0.001565, -0.999999, 0.374721, 5.7e-05, 0.999999, 0.001565, -0.0, 0.0, 0.0, 0.0, 1.0],
                [1.0, -5.7e-05, 5.7e-05, 0.0, 5.7e-05, 0.001565, -0.999999, 0.374721, 5.7e-05, 0.999999, 0.001565, 0.0, 0.0, 0.0, 0.0, 1.0],
                [1.0, -5.7e-05, 5.7e-05, -0.0, 5.7e-05, 0.001565, -0.999999, 0.374721, 5.7e-05, 0.999999, 0.001565, 0.0, 0.0, 0.0, 0.0, 1.0],
                [1.0, -5.7e-05, 5.7e-05, -0.0, 5.7e-05, 0.001565, -0.999999, 0.374721, 5.7e-05, 0.999999, 0.001565, 0.0, 0.0, 0.0, 0.0, 1.0],
                [1.0, -5.7e-05, 5.7e-05, 0.0, 5.7e-05, 0.001565, -0.999999, 0.374721, 5.7e-05, 0.999999, 0.001565, 0.0, 0.0, 0.0, 0.0, 1.0],
                [1.0, -5.7e-05, 5.7e-05, -0.0, 5.7e-05, 0.001565, -0.999999, 0.374721, 5.7e-05, 0.999999, 0.001565, 0.0, 0.0, 0.0, 0.0, 1.0],
                [1.0, -5.7e-05, 5.7e-05, -0.0, 5.7e-05, 0.001565, -0.999999, 0.374721, 5.7e-05, 0.999999, 0.001565, 0.0, 0.0, 0.0, 0.0, 1.0],
                [1.0, -5.7e-05, 5.7e-05, 0.0, 5.7e-05, 0.001565, -0.999999, 0.374721, 5.7e-05, 0.999999, 0.001565, 0.0, 0.0, 0.0, 0.0, 1.0],
                [1.0, -5.7e-05, 5.7e-05, -0.0, 5.7e-05, 0.001565, -0.999999, 0.374721, 5.7e-05, 0.999999, 0.001565, 0.0, 0.0, 0.0, 0.0, 1.0],
                [1.0, -5.7e-05, 5.7e-05, -0.0, 5.7e-05, 0.001565, -0.999999, 0.374721, 5.7e-05, 0.999999, 0.001565, 0.0, 0.0, 0.0, 0.0, 1.0],
                [1.0, -5.7e-05, 5.7e-05, -0.0, 5.7e-05, 0.001565, -0.999999, 0.374721, 5.7e-05, 0.999999, 0.001565, 0.0, 0.0, 0.0, 0.0, 1.0],
                [1.0, -5.7e-05, 5.7e-05, -0.0, 5.7e-05, 0.001565, -0.999999, 0.374721, 5.7e-05, 0.999999, 0.001565, 0.0, 0.0, 0.0, 0.0, 1.0],
                [1.0, -5.7e-05, 5.7e-05, 0.0, 5.7e-05, 0.001565, -0.999999, 0.374721, 5.7e-05, 0.999999, 0.001565, 0.0, 0.0, 0.0, 0.0, 1.0],
                [1.0, -5.7e-05, 5.7e-05, 0.0, 5.7e-05, 0.001565, -0.999999, 0.374721, 5.7e-05, 0.999999, 0.001565, 0.0, 0.0, 0.0, 0.0, 1.0],
                [1.0, -5.7e-05, 5.7e-05, -0.0, 5.7e-05, 0.001565, -0.999999, 0.374721, 5.7e-05, 0.999999, 0.001565, 0.0, 0.0, 0.0, 0.0, 1.0],
                [1.0, -5.7e-05, 5.7e-05, -0.0, 5.7e-05, 0.001565, -0.999999, 0.374721, 5.7e-05, 0.999999, 0.001565, 0.0, 0.0, 0.0, 0.0, 1.0],
                [1.0, -5.7e-05, 5.7e-05, 0.0, 5.7e-05, 0.001565, -0.999999, 0.374721, 5.7e-05, 0.999999, 0.001565, 0.0, 0.0, 0.0, 0.0, 1.0],
                [1.0, -5.7e-05, 5.7e-05, 0.0, 5.7e-05, 0.001565, -0.999999, 0.374721, 5.7e-05, 0.999999, 0.001565, 0.0, 0.0, 0.0, 0.0, 1.0],
                [1.0, -5.7e-05, 5.7e-05, -0.0, 5.7e-05, 0.001565, -0.999999, 0.374721, 5.7e-05, 0.999999, 0.001565, 0.0, 0.0, 0.0, 0.0, 1.0],
                [1.0, -5.7e-05, 5.7e-05, -0.0, 5.7e-05, 0.001565, -0.999999, 0.374721, 5.7e-05, 0.999999, 0.001565, 0.0, 0.0, 0.0, 0.0, 1.0],
                [1.0, -5.7e-05, 5.7e-05, 0.0, 5.7e-05, 0.001565, -0.999999, 0.374721, 5.7e-05, 0.999999, 0.001565, -0.0, 0.0, 0.0, 0.0, 1.0],
                [1.0, -5.7e-05, 5.7e-05, -0.0, 5.7e-05, 0.001565, -0.999999, 0.374721, 5.7e-05, 0.999999, 0.001565, -0.0, 0.0, 0.0, 0.0, 1.0],
                [1.0, -5.7e-05, 5.7e-05, 0.0, 5.7e-05, 0.001565, -0.999999, 0.374721, 5.7e-05, 0.999999, 0.001565, 0.0, 0.0, 0.0, 0.0, 1.0],
                [1.0, -5.7e-05, 5.7e-05, 0.0, 5.7e-05, 0.001565, -0.999999, 0.374721, 5.7e-05, 0.999999, 0.001565, 0.0, 0.0, 0.0, 0.0, 1.0],
                [1.0, -5.7e-05, 5.7e-05, -0.0, 5.7e-05, 0.001565, -0.999999, 0.374721, 5.7e-05, 0.999999, 0.001565, 0.0, 0.0, 0.0, 0.0, 1.0],
                [1.0, -5.7e-05, 5.7e-05, -0.0, 5.7e-05, 0.001565, -0.999999, 0.374721, 5.7e-05, 0.999999, 0.001565, 0.0, 0.0, 0.0, 0.0, 1.0],
                [1.0, -5.7e-05, 5.7e-05, -0.0, 5.7e-05, 0.001565, -0.999999, 0.374721, 5.7e-05, 0.999999, 0.001565, 0.0, 0.0, 0.0, 0.0, 1.0],
                [1.0, -5.7e-05, 5.7e-05, -0.0, 5.7e-05, 0.001565, -0.999999, 0.374721, 5.7e-05, 0.999999, 0.001565, -0.0, 0.0, 0.0, 0.0, 1.0],
                [1.0, -5.7e-05, 5.7e-05, 0.0, 5.7e-05, 0.001565, -0.999999, 0.374721, 5.7e-05, 0.999999, 0.001565, 0.0, 0.0, 0.0, 0.0, 1.0],
                [1.0, -5.7e-05, 5.7e-05, 0.0, 5.7e-05, 0.001565, -0.999999, 0.374721, 5.7e-05, 0.999999, 0.001565, 0.0, 0.0, 0.0, 0.0, 1.0],
                [1.0, -5.7e-05, 5.7e-05, -0.0, 5.7e-05, 0.001565, -0.999999, 0.374721, 5.7e-05, 0.999999, 0.001565, -0.0, 0.0, 0.0, 0.0, 1.0],
                [1.0, -5.7e-05, 5.7e-05, 0.0, 5.7e-05, 0.001565, -0.999999, 0.374721, 5.7e-05, 0.999999, 0.001565, -0.0, 0.0, 0.0, 0.0, 1.0],
                [1.0, -5.7e-05, 5.7e-05, 0.0, 5.7e-05, 0.001565, -0.999999, 0.374721, 5.7e-05, 0.999999, 0.001565, -0.0, 0.0, 0.0, 0.0, 1.0],
                [1.0, -5.7e-05, 5.7e-05, 0.0, 5.7e-05, 0.001565, -0.999999, 0.374721, 5.7e-05, 0.999999, 0.001565, 0.0, 0.0, 0.0, 0.0, 1.0],
                [1.0, -5.7e-05, 5.7e-05, 0.0, 5.7e-05, 0.001565, -0.999999, 0.374721, 5.7e-05, 0.999999, 0.001565, 0.0, 0.0, 0.0, 0.0, 1.0],
                [1.0, -5.7e-05, 5.7e-05, 0.0, 5.7e-05, 0.001565, -0.999999, 0.374721, 5.7e-05, 0.999999, 0.001565, -0.0, 0.0, 0.0, 0.0, 1.0],
                [1.0, -5.7e-05, 5.7e-05, 0.0, 5.7e-05, 0.001565, -0.999999, 0.374721, 5.7e-05, 0.999999, 0.001565, 0.0, 0.0, 0.0, 0.0, 1.0]
            ]
        },
        {
            "name": "Thigh_L",
            "time": [0.0, 0.0167, 0.0333, 0.05, 0.0667, 0.0833, 0.1, 0.1167, 0.1333, 0.15, 0.1667, 0.1833, 0.2, 0.2167, 0.2333, 0.25, 0.2667, 0.2833, 0.3, 0.3167, 0.3333, 0.35, 0.3667, 0.3833, 0.4, 0.4167, 0.4333, 0.45, 0.4667, 0.4833, 0.5, 0.5167, 0.5333, 0.55, 0.5667, 0.5833, 0.6, 0.6167, 0.6333],
            "transform": [
                [0.967031, -0.196554, 0.161917, -0.125006, -0.251985, -0.830435, 0.496872, -0.002831, 0.0368, -0.521292, -0.852585, -1.2e-05, 0.0, 0.0, 0.0, 1.0],
                [0.967042, -0.196297, 0.162164, -0.125006, -0.251089, -0.840866, 0.479477, -0.002831, 0.042239, -0.504392, -0.862441, -1.2e-05, 0.0, 0.0, 0.0, 1.0],
                [0.967082, -0.195691, 0.162656, -0.125006, -0.247766, -0.869833, 0.426616, -0.002831, 0.057998, -0.452873, -0.889686, -1.2e-05, 0.0, 0.0, 0.0, 1.0],
                [0.967162, -0.19515, 0.162829, -0.125006, -0.241125, -0.907061, 0.345107, -0.002831, 0.080348, -0.373037, -0.924331, -1.2e-05, 0.0, 0.0, 0.0, 1.0],
                [0.967269, -0.194961, 0.162422, -0.125006, -0.232268, -0.938003, 0.257297, -0.002831, 0.10219, -0.286601, -0.952584, -1.2e-05, 0.0, 0.0, 0.0, 1.0],
                [0.967359, -0.195027, 0.161804, -0.125006, -0.224722, -0.955308, 0.192057, -0.002831, 0.117116, -0.222149, -0.967953, -1.2e-05, 0.0, 0.0, 0.0, 1.0],
                [0.967396, -0.195092, 0.161505, -0.125006, -0.221645, -0.960696, 0.167138, -0.002831, 0.12255, -0.197486, -0.972615, -1.2e-05, 0.0, 0.0, 0.0, 1.0],
                [0.9674, -0.195101, 0.161469, -0.125006, -0.221285, -0.961273, 0.164277, -0.002831, 0.123165, -0.194652, -0.973109, -1.2e-05, 0.0, 0.0, 0.0, 1.0],
                [0.967405, -0.19511, 0.161433, -0.125006, -0.220937, -0.961819, 0.161525, -0.002831, 0.123754, -0.191926, -0.973575, -1.2e-05, 0.0, 0.0, 0.0, 1.0],
                [0.967408, -0.195118, 0.161399, -0.125006, -0.220604, -0.962334, 0.158892, -0.002831, 0.124317, -0.189319, -0.974014, -1.2e-05, 0.0, 0.0, 0.0, 1.0],
                [0.967412, -0.195127, 0.161366, -0.125006, -0.220285, -0.962818, 0.156381, -0.002831, 0.124852, -0.186831, -0.974426, -1.2e-05, 0.0, 0.0, 0.0, 1.0],
                [0.967416, -0.195135, 0.161334, -0.125006, -0.219981, -0.963272, 0.153997, -0.002831, 0.125359, -0.18447, -0.974811, -1.2e-05, 0.0, 0.0, 0.0, 1.0],
                [0.967419, -0.195143, 0.161304, -0.125006, -0.219693, -0.963695, 0.151745, -0.002831, 0.125836, -0.182238, -0.975169, -1.2e-05, 0.0, 0.0, 0.0, 1.0],
                [0.967423, -0.19515, 0.161276, -0.125006, -0.219421, -0.964088, 0.149627, -0.002831, 0.126284, -0.18014, -0.975501, -1.2e-05, 0.0, 0.0, 0.0, 1.0],
                [0.967426, -0.195158, 0.161248, -0.125006, -0.219167, -0.964451, 0.147645, -0.002831, 0.126702, -0.178176, -0.975807, -1.2e-05, 0.0, 0.0, 0.0, 1.0],
                [0.967429, -0.195164, 0.161223, -0.125006, -0.21893, -0.964785, 0.145805, -0.002831, 0.12709, -0.176353, -0.976088, -1.2e-05, 0.0, 0.0, 0.0, 1.0],
                [0.967431, -0.195171, 0.1612, -0.125006, -0.21871, -0.96509, 0.144107, -0.002831, 0.127447, -0.174669, -0.976344, -1.2e-05, 0.0, 0.0, 0.0, 1.0],
                [0.967433, -0.195177, 0.161178, -0.125006, -0.218509, -0.965367, 0.142547, -0.002831, 0.127774, -0.173124, -0.976577, -1.2e-05, 0.0, 0.0, 0.0, 1.0],
                [0.967436, -0.195182, 0.161158, -0.125006, -0.218325, -0.965617, 0.141129, -0.002831, 0.128072, -0.171718, -0.976786, -1.2e-05, 0.0, 0.0, 0.0, 1.0],
                [0.967438, -0.195187, 0.161141, -0.125006, -0.218159, -0.965841, 0.139848, -0.002831, 0.12834, -0.170449, -0.976973, -1.2e-05, 0.0, 0.0, 0.0, 1.0],
                [0.967439, -0.195191, 0.161124, -0.125006, -0.218009, -0.96604, 0.138701, -0.002831, 0.12858, -0.169311, -0.977139, -1.2e-05, 0.0, 0.0, 0.0, 1.0],
                [0.967441, -0.195196, 0.16111, -0.125006, -0.217877, -0.966216, 0.137682, -0.002831, 0.128792, -0.168301, -0.977286, -1.2e-05, 0.0, 0.0, 0.0, 1.0],
                [0.967442, -0.195199, 0.161097, -0.125006, -0.21776, -0.966369, 0.136786, -0.002831, 0.128979, -0.167413, -0.977414, -1.2e-05, 0.0, 0.0, 0.0, 1.0],
                [0.967444, -0.195202, 0.161086, -0.125006, -0.217659, -0.966502, 0.136007, -0.002831, 0.129141, -0.166641, -0.977524, -1.2e-05, 0.0, 0.0, 0.0, 1.0],
                [0.967445, -0.195205, 0.161077, -0.125006, -0.217571, -0.966616, 0.135337, -0.002831, 0.129281, -0.165976, -0.977618, -1.2e-05, 0.0, 0.0, 0.0, 1.0],
                [0.967446, -0.195207, 0.161069, -0.125006, -0.217497, -0.966712, 0.134768, -0.002831, 0.129399, -0.165413, -0.977699, -1.2e-05, 0.0, 0.0, 0.0, 1.0],
                [0.967446, -0.195209, 0.161062, -0.125006, -0.217434, -0.966793, 0.134291, -0.002831, 0.129499, -0.16494, -0.977765, -1.2e-05, 0.0, 0.0, 0.0, 1.0],
                [0.967447, -0.195211, 0.161056, -0.125006, -0.217383, -0.966859, 0.133898, -0.002831, 0.12958, -0.16455, -0.97782, -1.2e-05, 0.0, 0.0, 0.0, 1.0],
                [0.967447, -0.195212, 0.161051, -0.125006, -0.217341, -0.966912, 0.133578, -0.002831, 0.129647, -0.164233, -0.977865, -1.2e-05, 0.0, 0.0, 0.0, 1.0],
                [0.967448, -0.195213, 0.161048, -0.125006, -0.217308, -0.966955, 0.133324, -0.002831, 0.129699, -0.163981, -0.9779, -1.2e-05, 0.0, 0.0, 0.0, 1.0],
                [0.967448, -0.195214, 0.161045, -0.125006, -0.217282, -0.966987, 0.133128, -0.002831, 0.12974, -0.163787, -0.977927, -1.2e-05, 0.0, 0.0, 0.0, 1.0],
                [0.967448, -0.195214, 0.161043, -0.125006, -0.217263, -0.967012, 0.13298, -0.002831, 0.129771, -0.16364, -0.977948, -1.2e-05, 0.0, 0.0, 0.0, 1.0],
                [0.967449, -0.195215, 0.161041, -0.125006, -0.217249, -0.96703, 0.132872, -0.002831, 0.129793, -0.163533, -0.977962, -1.2e-05, 0.0, 0.0, 0.0, 1.0],
                [0.967449, -0.195215, 0.16104, -0.125006, -0.217239, -0.967043, 0.132797, -0.002831, 0.129809, -0.163459, -0.977973, -1.2e-05, 0.0, 0.0, 0.0, 1.0],
                [0.967449, -0.195215, 0.16104, -0.125006, -0.217232, -0.967051, 0.13275, -0.002831, 0.129819, -0.163412, -0.977979, -1.2e-05, 0.0, 0.0, 0.0, 1.0],
                [0.967449, -0.195216, 0.161039, -0.125006, -0.217229, -0.967055, 0.132721, -0.002831, 0.129825, -0.163384, -0.977983, -1.2e-05, 0.0, 0.0, 0.0, 1.0],
                [0.967449, -0.195216, 0.161039, -0.125006, -0.217227, -0.967057, 0.132708, -0.002831, 0.129828, -0.16337, -0.977985, -1.2e-05, 0.0, 0.0, 0.0, 1.0],
                [0.967449, -0.195216, 0.161039, -0.125006, -0.217226, -0.967059, 0.132702, -0.002831, 0.129829, -0.163365, -0.977986, -1.2e-05, 0.0, 0.0, 0.0, 1.0],
                [0.967449, -0.195216, 0.161039, -0.125006, -0.217226, -0.967059, 0.132702, -0.002831, 0.129829, -0.163364, -0.977986, -1.2e-05, 0.0, 0.0, 0.0, 1.0]
            ]
        },
        {
            "name": "Leg_L",
            "time": [0.0, 0.0167, 0.0333, 0.05, 0.0667, 0.0833, 0.1, 0.1167, 0.1333, 0.15, 0.1667, 0.1833, 0.2, 0.2167, 0.2333, 0.25, 0.2667, 0.2833, 0.3, 0.3167, 0.3333, 0.35, 0.3667, 0.3833, 0.4, 0.4167, 0.4333, 0.45, 0.4667, 0.4833, 0.5, 0.5167, 0.5333, 0.55, 0.5667, 0.5833, 0.6, 0.6167, 0.6333],
            "transform": [
                [1.0, 2.9e-05, 6e-06, 0.0, -2.9e-05, 0.926868, 0.375387, 0.374721, 5e-06, -0.375387, 0.926868, 0.0, 0.0, 0.0, 0.0, 1.0],
                [1.0, 2.9e-05, 6e-06, -0.0, -2.9e-05, 0.924865, 0.380297, 0.374721, 5e-06, -0.380297, 0.924865, 0.0, 0.0, 0.0, 0.0, 1.0],
                [1.0, 3e-05, 7e-06, 0.0, -3e-05, 0.919767, 0.392466, 0.374721, 5e-06, -0.392466, 0.919767, -0.0, 0.0, 0.0, 0.0, 1.0],
                [1.0, 3.1e-05, 7e-06, 0.0, -3.1e-05, 0.914332, 0.404965, 0.374721, 6e-06, -0.404965, 0.914332, 0.0, 0.0, 0.0, 0.0, 1.0],
                [1.0, 3.1e-05, 7e-06, 0.0, -3.2e-05, 0.911183, 0.412002, 0.374721, 6e-06, -0.412002, 0.911183, -0.0, 0.0, 0.0, 0.0, 1.0],
                [1.0, 3.2e-05, 8e-06, -0.0, -3.2e-05, 0.91038, 0.413773, 0.374721, 6e-06, -0.413773, 0.91038, -0.0, 0.0, 0.0, 0.0, 1.0],
                [1.0, 3.2e-05, 8e-06, -0.0, -3.2e-05, 0.910385, 0.413762, 0.374721, 6e-06, -0.413762, 0.910385, 0.0, 0.0, 0.0, 0.0, 1.0],
                [1.0, 3.2e-05, 8e-06, 0.0, -3.2e-05, 0.910395, 0.41374, 0.374721, 6e-06, -0.413741, 0.910395, 0.0, 0.0, 0.0, 0.0, 1.0],
                [1.0, 3.1e-05, 8e-06, 0.0, -3.2e-05, 0.910409, 0.41371, 0.374721, 6e-06, -0.41371, 0.910409, -0.0, 0.0, 0.0, 0.0, 1.0],
                [1.0, 3.2e-05, 8e-06, -0.0, -3.2e-05, 0.910422, 0.413681, 0.374721, 6e-06, -0.413681, 0.910422, 0.0, 0.0, 0.0, 0.0, 1.0],
                [1.0, 3.2e-05, 8e-06, 0.0, -3.2e-05, 0.910437, 0.413649, 0.374721, 6e-06, -0.413648, 0.910437, -0.0, 0.0, 0.0, 0.0, 1.0],
                [1.0, 3.2e-05, 8e-06, -0.0, -3.2e-05, 0.910452, 0.413615, 0.374721, 6e-06, -0.413615, 0.910452, 0.0, 0.0, 0.0, 0.0, 1.0],
                [1.0, 3.2e-05, 8e-06, -0.0, -3.2e-05, 0.910468, 0.41358, 0.374721, 6e-06, -0.41358, 0.910468, -0.0, 0.0, 0.0, 0.0, 1.0],
                [1.0, 3.1e-05, 8e-06, 0.0, -3.2e-05, 0.910484, 0.413544, 0.374721, 6e-06, -0.413544, 0.910484, 0.0, 0.0, 0.0, 0.0, 1.0],
                [1.0, 3.2e-05, 8e-06, -0.0, -3.2e-05, 0.910502, 0.413506, 0.374721, 6e-06, -0.413506, 0.910502, 0.0, 0.0, 0.0, 0.0, 1.0],
                [1.0, 3.1e-05, 8e-06, -0.0, -3.2e-05, 0.910517, 0.413471, 0.374721, 6e-06, -0.413471, 0.910517, -0.0, 0.0, 0.0, 0.0, 1.0],
                [1.0, 3.1e-05, 8e-06, 0.0, -3.2e-05, 0.910532, 0.413438, 0.374721, 6e-06, -0.413438, 0.910532, 0.0, 0.0, 0.0, 0.0, 1.0],
                [1.0, 3.2e-05, 8e-06, 0.0, -3.2e-05, 0.910548, 0.413403, 0.374721, 6e-06, -0.413403, 0.910548, 0.0, 0.0, 0.0, 0.0, 1.0],
                [1.0, 3.2e-05, 8e-06, -0.0, -3.2e-05, 0.910562, 0.413373, 0.374721, 6e-06, -0.413373, 0.910562, -0.0, 0.0, 0.0, 0.0, 1.0],
                [1.0, 3.1e-05, 8e-06, -0.0, -3.2e-05, 0.910575, 0.413345, 0.374721, 6e-06, -0.413345, 0.910575, 0.0, 0.0, 0.0, 0.0, 1.0],
                [1.0, 3.1e-05, 8e-06, 0.0, -3.2e-05, 0.910586, 0.413319, 0.374721, 6e-06, -0.413319, 0.910586, 0.0, 0.0, 0.0, 0.0, 1.0],
                [1.0, 3.1e-05, 8e-06, 0.0, -3.2e-05, 0.910598, 0.413294, 0.374721, 6e-06, -0.413294, 0.910598, -0.0, 0.0, 0.0, 0.0, 1.0],
                [1.0, 3.2e-05, 8e-06, -0.0, -3.2e-05, 0.910608, 0.413271, 0.374721, 6e-06, -0.413271, 0.910608, -0.0, 0.0, 0.0, 0.0, 1.0],
                [1.0, 3.1e-05, 8e-06, 0.0, -3.2e-05, 0.910616, 0.413253, 0.374721, 6e-06, -0.413253, 0.910616, 0.0, 0.0, 0.0, 0.0, 1.0],
                [1.0, 3.1e-05, 8e-06, 0.0, -3.2e-05, 0.910625, 0.413235, 0.374721, 6e-06, -0.413235, 0.910625, 0.0, 0.0, 0.0, 0.0, 1.0],
                [1.0, 3.2e-05, 8e-06, 0.0, -3.2e-05, 0.910631, 0.413221, 0.374721, 6e-06, -0.413221, 0.910631, -0.0, 0.0, 0.0, 0.0, 1.0],
                [1.0, 3.1e-05, 8e-06, -0.0, -3.2e-05, 0.910636, 0.41321, 0.374721, 6e-06, -0.41321, 0.910636, 0.0, 0.0, 0.0, 0.0, 1.0],
                [1.0, 3.1e-05, 8e-06, -0.0, -3.2e-05, 0.910641, 0.413199, 0.374721, 6e-06, -0.413199, 0.910641, 0.0, 0.0, 0.0, 0.0, 1.0],
                [1.0, 3.2e-05, 8e-06, 0.0, -3.2e-05, 0.910645, 0.41319, 0.374721, 6e-06, -0.413189, 0.910645, -0.0, 0.0, 0.0, 0.0, 1.0],
                [1.0, 3.2e-05, 8e-06, -0.0, -3.2e-05, 0.910648, 0.413183, 0.374721, 6e-06, -0.413183, 0.910648, 0.0, 0.0, 0.0, 0.0, 1.0],
                [1.0, 3.1e-05, 8e-06, -0.0, -3.2e-05, 0.91065, 0.413179, 0.374721, 6e-06, -0.413179, 0.91065, -0.0, 0.0, 0.0, 0.0, 1.0],
                [1.0, 3.1e-05, 8e-06, -0.0, -3.2e-05, 0.910652, 0.413175, 0.374721, 6e-06, -0.413175, 0.910652, -0.0, 0.0, 0.0, 0.0, 1.0],
                [1.0, 3.1e-05, 8e-06, -0.0, -3.2e-05, 0.910653, 0.413172, 0.374721, 6e-06, -0.413172, 0.910653, -0.0, 0.0, 0.0, 0.0, 1.0],
                [1.0, 3.1e-05, 8e-06, 0.0, -3.2e-05, 0.910654, 0.413169, 0.374721, 6e-06, -0.413169, 0.910654, 0.0, 0.0, 0.0, 0.0, 1.0],
                [1.0, 3.1e-05, 8e-06, 0.0, -3.2e-05, 0.910655, 0.413168, 0.374721, 6e-06, -0.413169, 0.910655, 0.0, 0.0, 0.0, 0.0, 1.0],
                [1.0, 3.1e-05, 8e-06, 0.0, -3.2e-05, 0.910655, 0.413167, 0.374721, 6e-06, -0.413167, 0.910655, 0.0, 0.0, 0.0, 0.0, 1.0],
                [1.0, 3.1e-05, 8e-06, -0.0, -3.2e-05, 0.910655, 0.413168, 0.374721, 6e-06, -0.413168, 0.910655, -0.0, 0.0, 0.0, 0.0, 1.0],
                [1.0, 3.1e-05, 8e-06, 0.0, -3.2e-05, 0.910656, 0.413166, 0.374721, 6e-06, -0.413166, 0.910655, 0.0, 0.0, 0.0, 0.0, 1.0],
                [1.0, 3.1e-05, 8e-06, -0.0, -3.2e-05, 0.910655, 0.413167, 0.374721, 6e-06, -0.413167, 0.910655, -0.0, 0.0, 0.0, 0.0, 1.0]
            ]
        },
        {
            "name": "Knee_L",
            "time": [0.0, 0.0167, 0.0333, 0.05, 0.0667, 0.0833, 0.1, 0.1167, 0.1333, 0.15, 0.1667, 0.1833, 0.2, 0.2167, 0.2333, 0.25, 0.2667, 0.2833, 0.3, 0.3167, 0.3333, 0.35, 0.3667, 0.3833, 0.4, 0.4167, 0.4333, 0.45, 0.4667, 0.4833, 0.5, 0.5167, 0.5333, 0.55, 0.5667, 0.5833, 0.6, 0.6167, 0.6333],
            "transform": [
                [1.0, 0.0, -0.0, -0.0, -0.0, 0.001565, -0.999999, 0.374721, -0.0, 0.999999, 0.001565, 0.0, 0.0, 0.0, 0.0, 1.0],
                [1.0, 0.0, -0.0, -0.0, -0.0, 0.001565, -0.999999, 0.374721, -0.0, 0.999999, 0.001565, 0.0, 0.0, 0.0, 0.0, 1.0],
                [1.0, 0.0, -0.0, -0.0, -0.0, 0.001565, -0.999999, 0.374721, -0.0, 0.999999, 0.001565, -0.0, 0.0, 0.0, 0.0, 1.0],
                [1.0, 0.0, -0.0, 0.0, -0.0, 0.001565, -0.999999, 0.374721, -0.0, 0.999999, 0.001565, 0.0, 0.0, 0.0, 0.0, 1.0],
                [1.0, 0.0, -0.0, 0.0, -0.0, 0.001565, -0.999999, 0.374721, -0.0, 0.999999, 0.001565, -0.0, 0.0, 0.0, 0.0, 1.0],
                [1.0, 0.0, -0.0, -0.0, -0.0, 0.001565, -0.999999, 0.374721, -0.0, 0.999999, 0.001565, -0.0, 0.0, 0.0, 0.0, 1.0],
                [1.0, 0.0, -0.0, -0.0, -0.0, 0.001565, -0.999999, 0.374721, -0.0, 0.999999, 0.001565, -0.0, 0.0, 0.0, 0.0, 1.0],
                [1.0, 0.0, -0.0, 0.0, -0.0, 0.001565, -0.999999, 0.374721, -0.0, 0.999999, 0.001565, 0.0, 0.0, 0.0, 0.0, 1.0],
                [1.0, 0.0, -0.0, 0.0, -0.0, 0.001565, -0.999999, 0.374721, -0.0, 0.999999, 0.001565, 0.0, 0.0, 0.0, 0.0, 1.0],
                [1.0, 0.0, -0.0, 0.0, -0.0, 0.001565, -0.999999, 0.374721, -0.0, 0.999999, 0.001565, 0.0, 0.0, 0.0, 0.0, 1.0],
                [1.0, 0.0, -0.0, -0.0, -0.0, 0.001565, -0.999999, 0.374721, -0.0, 0.999999, 0.001565, -0.0, 0.0, 0.0, 0.0, 1.0],
                [1.0, 0.0, -0.0, -0.0, -0.0, 0.001565, -0.999999, 0.374721, -0.0, 0.999999, 0.001565, 0.0, 0.0, 0.0, 0.0, 1.0],
                [1.0, 0.0, -0.0, -0.0, -0.0, 0.001565, -0.999999, 0.374721, -0.0, 0.999999, 0.001565, -0.0, 0.0, 0.0, 0.0, 1.0],
                [1.0, 0.0, -0.0, 0.0, -0.0, 0.001565, -0.999999, 0.374721, -0.0, 0.999999, 0.001565, 0.0, 0.0, 0.0, 0.0, 1.0],
                [1.0, 0.0, -0.0, -0.0, -0.0, 0.001565, -0.999999, 0.374721, -0.0, 0.999999, 0.001565, 0.0, 0.0, 0.0, 0.0, 1.0],
                [1.0, 0.0, -0.0, -0.0, -0.0, 0.001565, -0.999999, 0.374721, -0.0, 0.999999, 0.001565, -0.0, 0.0, 0.0, 0.0, 1.0],
                [1.0, 0.0, -0.0, 0.0, -0.0, 0.001565, -0.999999, 0.374721, -0.0, 0.999999, 0.001565, 0.0, 0.0, 0.0, 0.0, 1.0],
                [1.0, 0.0, -0.0, 0.0, -0.0, 0.001565, -0.999999, 0.374721, -0.0, 0.999999, 0.001565, 0.0, 0.0, 0.0, 0.0, 1.0],
